Date,Symbol,Cumulative_Return_Simple,Cumulative_Return_Log,Cumulative_Return_Simple_Pct,Cumulative_Return_Log_Pct,Year,Month,Quarter,Month_Name
2023-09-19,AAPL,0.0061807880950697225,0.0061617653677226315,0.6180788095069722,0.6161765367722631,2023,9,Q3,September
2023-09-19,GOOGL,-0.0012302562327924926,-0.0012310136192416482,-0.12302562327924926,-0.12310136192416482,2023,9,Q3,September
2023-09-19,MSFT,-0.0012459336528797271,-0.0012467104735251113,-0.12459336528797271,-0.12467104735251114,2023,9,Q3,September
2023-09-20,AAPL,-0.013934867705247989,-0.014032869467106393,-1.3934867705247989,-1.4032869467106392,2023,9,Q3,September
2023-09-20,GOOGL,-0.03234205458682593,-0.032876616329158344,-3.234205458682593,-3.2876616329158344,2023,9,Q3,September
2023-09-20,MSFT,-0.02519290084232073,-0.025515674576357852,-2.519290084232073,-2.551567457635785,2023,9,Q3,September
2023-09-21,AAPL,-0.02270052215928109,-0.022962145925099542,-2.270052215928109,-2.296214592509954,2023,9,Q3,September
2023-09-21,GOOGL,-0.0562187190372454,-0.05786083357720058,-5.62187190372454,-5.786083357720058,2023,9,Q3,September
2023-09-21,MSFT,-0.028961297073886838,-0.029388952652906017,-2.896129707388684,-2.9388952652906015,2023,9,Q3,September
2023-09-22,AAPL,-0.017868183070804844,-0.01802974651067769,-1.7868183070804844,-1.802974651067769,2023,9,Q3,September
2023-09-22,GOOGL,-0.0575936001330416,-0.059318675077569764,-5.7593600133041605,-5.9318675077569765,2023,9,Q3,September
2023-09-22,MSFT,-0.03661934095711039,-0.037306660716320744,-3.661934095711039,-3.7306660716320743,2023,9,Q3,September
2023-09-25,AAPL,-0.010619804304768499,-0.010676596868311948,-1.0619804304768499,-1.067659686831195,2023,9,Q3,September
2023-09-25,GOOGL,-0.05137117376360478,-0.05273767781104075,-5.137117376360479,-5.273767781104075,2023,9,Q3,September
2023-09-25,MSFT,-0.035008711650943436,-0.035636205301458335,-3.5008711650943436,-3.5636205301458332,2023,9,Q3,September
2023-09-26,AAPL,-0.03376983832550928,-0.03435321054665275,-3.3769838325509283,-3.4353210546652755,2023,9,Q3,September
2023-09-26,GOOGL,-0.06974886965275706,-0.07230069665564032,-6.974886965275706,-7.230069665564032,2023,9,Q3,September
2023-09-26,MSFT,-0.05141898051655347,-0.052788074716862005,-5.141898051655347,-5.278807471686201,2023,9,Q3,September
2023-09-27,AAPL,-0.042366666098139105,-0.043290315505186,-4.236666609813911,-4.3290315505186,2023,9,Q3,September
2023-09-27,GOOGL,-0.055495261229075776,-0.05709457482613495,-5.549526122907578,-5.7094574826134945,2023,9,Q3,September
2023-09-27,MSFT,-0.049443843835701884,-0.05070803814203639,-4.944384383570188,-5.0708038142036385,2023,9,Q3,September
2023-09-28,AAPL,-0.04090575254839535,-0.04176593212712528,-4.090575254839535,-4.176593212712528,2023,9,Q3,September
2023-09-28,GOOGL,-0.042688790750500916,-0.04362674786460044,-4.268879075050092,-4.362674786460044,2023,9,Q3,September
2023-09-28,MSFT,-0.04686056726836718,-0.047994076762901274,-4.686056726836718,-4.799407676290127,2023,9,Q3,September
2023-09-29,AAPL,-0.03798392544890772,-0.038724118943463046,-3.798392544890772,-3.8724118943463046,2023,9,Q3,September
2023-09-29,GOOGL,-0.053179929448412544,-0.05464620326577693,-5.317992944841254,-5.464620326577693,2023,9,Q3,September
2023-09-29,MSFT,-0.04044855117732471,-0.04128934452096935,-4.044855117732471,-4.128934452096935,2023,9,Q3,September
2023-10-02,AAPL,-0.023711750691994382,-0.0239973987668078,-2.371175069199438,-2.3997398766807803,2023,10,Q4,October
2023-10-02,GOOGL,-0.02923089698429937,-0.0296666319487866,-2.923089698429937,-2.96666319487866,2023,10,Q4,October
2023-10-02,MSFT,-0.022062769073657673,-0.022309792063921738,-2.2062769073657673,-2.2309792063921736,2023,10,Q4,October
2023-10-03,AAPL,-0.031297263354125304,-0.03179748748320443,-3.1297263354125304,-3.1797487483204425,2023,10,Q4,October
2023-10-03,GOOGL,-0.04182048575056041,-0.042720134171552,-4.182048575056041,-4.2720134171552,2023,10,Q4,October
2023-10-03,MSFT,-0.047620365569265743,-0.048791548018118705,-4.762036556926574,-4.879154801811871,2023,10,Q4,October
2023-10-04,AAPL,-0.02421753811392169,-0.024515604823940405,-2.421753811392169,-2.4515604823940405,2023,10,Q4,October
2023-10-04,GOOGL,-0.021489075820446013,-0.021723327998254858,-2.1489075820446013,-2.1723327998254858,2023,10,Q4,October
2023-10-04,MSFT,-0.030693554357350217,-0.03117446771444388,-3.0693554357350217,-3.117446771444388,2023,10,Q4,October
2023-10-05,AAPL,-0.017193915278615135,-0.017343447144078317,-1.7193915278615135,-1.7343447144078317,2023,10,Q4,October
2023-10-05,GOOGL,-0.022718998560087855,-0.022981051670862434,-2.2718998560087855,-2.2981051670862436,2023,10,Q4,October
2023-10-05,MSFT,-0.02947793355949324,-0.029921139444019067,-2.947793355949324,-2.9921139444019067,2023,10,Q4,October
2023-10-06,AAPL,-0.0026970711687572813,-0.0027007148181312068,-0.2697071168757281,-0.2700714818131207,2023,10,Q4,October
2023-10-06,GOOGL,-0.0045582955476329845,-0.0045687162559532556,-0.45582955476329845,-0.45687162559532557,2023,10,Q4,October
2023-10-06,MSFT,-0.005469964102801317,-0.00548497913593779,-0.5469964102801317,-0.548497913593779,2023,10,Q4,October
2023-10-09,AAPL,0.005731276233610361,0.005714914954218867,0.5731276233610361,0.5714914954218867,2023,10,Q4,October
2023-10-09,GOOGL,0.0015192836300328416,0.001518130686276693,0.15192836300328416,0.1518130686276693,2023,10,Q4,October
2023-10-09,MSFT,0.002309801897020236,0.002307138405255315,0.2309801897020236,0.23071384052553148,2023,10,Q4,October
2023-10-10,AAPL,0.002360023850448645,0.0023572433679718246,0.23600238504486448,0.23572433679718247,2023,10,Q4,October
2023-10-10,GOOGL,-0.001085297876638025,-0.0010858872388393895,-0.1085297876638025,-0.10858872388393895,2023,10,Q4,October
2023-10-10,MSFT,-0.0020359506694994645,-0.002038026034436276,-0.20359506694994645,-0.2038026034436276,2023,10,Q4,October
2023-10-11,AAPL,0.010282670408674255,0.010230163388148457,1.0282670408674255,1.0230163388148457,2023,10,Q4,October
2023-10-11,GOOGL,0.016930891437196394,0.016789161401733383,1.6930891437196394,1.6789161401733383,2023,10,Q4,October
2023-10-11,MSFT,0.01021081931693324,0.010159041068638967,1.021081931693324,1.0159041068638968,2023,10,Q4,October
2023-10-12,AAPL,0.015395954410562629,0.015278639290959182,1.539595441056263,1.5278639290959182,2023,10,Q4,October
2023-10-12,GOOGL,0.005498857396883494,0.005483793876750178,0.5498857396883494,0.5483793876750178,2023,10,Q4,October
2023-10-12,MSFT,0.006381985653924005,0.006361707016399203,0.6381985653924005,0.6361707016399203,2023,10,Q4,October
2023-10-13,AAPL,0.0049448036316266375,0.004932618243208469,0.49448036316266375,0.49326182432084686,2023,10,Q4,October
2023-10-13,GOOGL,-0.006150169520126814,-0.006169159714670287,-0.6150169520126814,-0.6169159714670287,2023,10,Q4,October
2023-10-13,MSFT,-0.004041776762579219,-0.004049966817978151,-0.4041776762579219,-0.40499668179781506,2023,10,Q4,October
2023-10-16,AAPL,0.004214260278969428,0.004205405153936874,0.42142602789694283,0.4205405153936874,2023,10,Q4,October
2023-10-16,GOOGL,0.006439530410517813,0.006418885217397802,0.6439530410517813,0.6418885217397802,2023,10,Q4,October
2023-10-16,MSFT,0.010879679052763214,0.010820921138618652,1.0879679052763214,1.082092113861865,2023,10,Q4,October
2023-10-17,AAPL,-0.00460758315774612,-0.00461823078817486,-0.460758315774612,-0.46182307881748597,2023,10,Q4,October
2023-10-17,GOOGL,0.01092534678007362,0.010866096342691407,1.092534678007362,1.0866096342691407,2023,10,Q4,October
2023-10-17,MSFT,0.009116920635674042,0.009075612394214951,0.9116920635674042,0.9075612394214951,2023,10,Q4,October
2023-10-18,AAPL,-0.011968253311361976,-0.012040449474550415,-1.1968253311361976,-1.2040449474550414,2023,10,Q4,October
2023-10-18,GOOGL,-0.0018088668491911264,-0.0018105048243808493,-0.18088668491911264,-0.18105048243808491,2023,10,Q4,October
2023-10-18,MSFT,0.003191039896612624,0.003185959334117361,0.3191039896612624,0.3185959334117361,2023,10,Q4,October
2023-10-19,AAPL,-0.014103348075509836,-0.014203745365432755,-1.4103348075509836,-1.4203745365432756,2023,10,Q4,October
2023-10-19,GOOGL,-0.0033284839723747295,-0.0033340356977943565,-0.33284839723747295,-0.33340356977943564,2023,10,Q4,October
2023-10-19,MSFT,0.006868121005904948,0.006844642901832697,0.6868121005904948,0.6844642901832697,2023,10,Q4,October
2023-10-20,AAPL,-0.028600278763153075,-0.029017236041043448,-2.8600278763153075,-2.901723604104345,2023,10,Q4,October
2023-10-20,GOOGL,-0.018884271985007972,-0.01906485694037775,-1.8884271985007972,-1.906485694037775,2023,10,Q4,October
2023-10-20,MSFT,-0.007263035374913351,-0.007289539628540259,-0.7263035374913351,-0.7289539628540259,2023,10,Q4,October
2023-10-23,AAPL,-0.0279260109709637,-0.02832335701846549,-2.79260109709637,-2.832335701846549,2023,10,Q4,October
2023-10-23,GOOGL,-0.012372484725180155,-0.01244966115111968,-1.2372484725180155,-1.244966115111968,2023,10,Q4,October
2023-10-23,MSFT,0.00079020529522289,0.0007898932473955275,0.079020529522289,0.07898932473955275,2023,10,Q4,October
2023-10-24,AAPL,-0.025453695732935877,-0.02578324524026393,-2.5453695732935877,-2.5783245240263932,2023,10,Q4,October
2023-10-24,GOOGL,0.00434108034216818,0.0043316850336123786,0.434108034216818,0.43316850336123786,2023,10,Q4,October
2023-10-24,MSFT,0.004467380543816457,0.004457431419366509,0.4467380543816457,0.4457431419366509,2023,10,Q4,October
2023-10-25,AAPL,-0.03860200425841487,-0.03936680825340217,-3.860200425841487,-3.936680825340217,2023,10,Q4,October
2023-10-25,GOOGL,-0.09116563304170111,-0.09559241597507717,-9.11656330417011,-9.559241597507718,2023,10,Q4,October
2023-10-25,MSFT,0.035282374599860944,0.03467421520751747,3.5282374599860944,3.467421520751747,2023,10,Q4,October
2023-10-26,AAPL,-0.062257565967727024,-0.06427995826674021,-6.225756596772703,-6.427995826674021,2023,10,Q4,October
2023-10-26,GOOGL,-0.11525945711539332,-0.12246084883928507,-11.525945711539332,-12.246084883928507,2023,10,Q4,October
2023-10-26,MSFT,-0.003555358992694435,-0.00356169430213496,-0.3555358992694435,-0.356169430213496,2023,10,Q4,October
2023-10-27,AAPL,-0.05478443127096089,-0.05634226244549357,-5.478443127096089,-5.634226244549357,2023,10,Q4,October
2023-10-27,GOOGL,-0.11605533851944838,-0.12336081843908629,-11.605533851944838,-12.336081843908628,2023,10,Q4,October
2023-10-27,MSFT,0.002279300763394332,0.002276707097824346,0.22793007633943319,0.22767070978243462,2023,10,Q4,October
2023-10-30,AAPL,-0.04315348501126415,-0.044112281803635904,-4.315348501126415,-4.41122818036359,2023,10,Q4,October
2023-10-30,GOOGL,-0.09948628715072028,-0.1047898864428936,-9.948628715072028,-10.478988644289359,2023,10,Q4,October
2023-10-30,MSFT,0.025071461143626683,0.024762328349075734,2.5071461143626683,2.4762328349075733,2023,10,Q4,October
2023-10-31,AAPL,-0.0404560675313651,-0.04129717774709599,-4.045606753136511,-4.129717774709599,2023,10,Q4,October
2023-10-31,GOOGL,-0.10223571584916213,-0.10784773494617454,-10.223571584916213,-10.784773494617454,2023,10,Q4,October
2023-10-31,MSFT,0.027502514460737926,0.027131114548993758,2.7502514460737926,2.713111454899376,2023,10,Q4,October
2023-11-01,AAPL,-0.022475766228551297,-0.022732195847877598,-2.2475766228551297,-2.2732195847877597,2023,11,Q4,November
2023-11-01,GOOGL,-0.08508799828184355,-0.08892739131715502,-8.508799828184355,-8.892739131715501,2023,11,Q4,November
2023-11-01,MSFT,0.051692831744073464,0.05040108664543794,5.169283174407346,5.040108664543793,2023,11,Q4,November
2023-11-02,AAPL,-0.0022475593072980304,-0.002250088859641182,-0.22475593072980304,-0.2250088859641182,2023,11,Q4,November
2023-11-02,GOOGL,-0.07756316999468771,-0.08073638237111973,-7.756316999468771,-8.073638237111973,2023,11,Q4,November
2023-11-02,MSFT,0.05853045161635295,0.05688157982928302,5.853045161635295,5.688157982928302,2023,11,Q4,November
2023-11-03,AAPL,-0.007417118869654238,-0.007444762471226691,-0.7417118869654238,-0.7444762471226691,2023,11,Q4,November
2023-11-03,GOOGL,-0.06591414307767729,-0.068186921078334,-6.591414307767729,-6.8186921078334,2023,11,Q4,November
2023-11-03,MSFT,0.07214497151156452,0.0696612881242303,7.2144971511564515,6.96612881242303,2023,11,Q4,November
2023-11-06,AAPL,0.007079811817989112,0.007054867614610805,0.7079811817989112,0.7054867614610805,2023,11,Q4,November
2023-11-06,GOOGL,-0.05759360013304171,-0.059318675077569834,-5.759360013304171,-5.931867507756984,2023,11,Q4,November
2023-11-06,MSFT,0.08348019064338197,0.08017825907992043,8.348019064338196,8.017825907992043,2023,11,Q4,November
2023-11-07,AAPL,0.0216329314883148,0.02140226042447505,2.16329314883148,2.1402260424475053,2023,11,Q4,November
2023-11-07,GOOGL,-0.052384103626549106,-0.05380603143355728,-5.238410362654911,-5.380603143355728,2023,11,Q4,November
2023-11-07,MSFT,0.09563611620404733,0.09133512263531764,9.563611620404732,9.133512263531763,2023,11,Q4,November
2023-11-08,AAPL,0.02764497947976663,0.027269756685070687,2.764497947976663,2.7269756685070687,2023,11,Q4,November
2023-11-08,GOOGL,-0.04608953157218576,-0.047185460546067794,-4.608953157218576,-4.7185460546067794,2023,11,Q4,November
2023-11-08,MSFT,0.10375017086283189,0.09871362773813351,10.37501708628319,9.87136277381335,2023,11,Q4,November
2023-11-09,AAPL,0.024948081466579675,0.024641959079776718,2.4948081466579675,2.464195907977672,2023,11,Q4,November
2023-11-09,GOOGL,-0.057665856982351715,-0.05939535072358197,-5.766585698235172,-5.939535072358197,2023,11,Q4,November
2023-11-09,MSFT,0.09612234569532996,0.09177881157979909,9.612234569532996,9.17788115797991,2023,11,Q4,November
2023-11-10,AAPL,0.0487474488773334,0.047596546259808394,4.87474488773334,4.759654625980839,2023,11,Q4,November
2023-11-10,GOOGL,-0.04066293102461227,-0.041512786212543215,-4.066293102461227,-4.151278621254321,2023,11,Q4,November
2023-11-10,MSFT,0.12341219947440174,0.1163706604789891,12.341219947440173,11.63706604789891,2023,11,Q4,November
2023-11-13,AAPL,0.03974535049155015,0.03897582787474238,3.9745350491550147,3.897582787474238,2023,11,Q4,November
2023-11-13,GOOGL,-0.04428044239422746,-0.04529075875095707,-4.428044239422746,-4.529075875095707,2023,11,Q4,November
2023-11-13,MSFT,0.11432577997235338,0.10824954037926278,11.432577997235338,10.824954037926277,2023,11,Q4,November
2023-11-14,AAPL,0.054598808499203066,0.05316041830058719,5.459880849920307,5.316041830058719,2023,11,Q4,November
2023-11-14,GOOGL,-0.033210359586766436,-0.03377434554613764,-3.3210359586766436,-3.377434554613764,2023,11,Q4,November
2023-11-14,MSFT,0.12523548946223495,0.11799233771760995,12.523548946223496,11.799233771760994,2023,11,Q4,November
2023-11-15,AAPL,0.057805649668013714,0.05619662059597635,5.780564966801371,5.619662059597634,2023,11,Q4,November
2023-11-15,GOOGL,-0.025975114518768883,-0.02631842589060061,-2.5975114518768883,-2.631842589060061,2023,11,Q4,November
2023-11-15,MSFT,0.12569225335220646,0.11839818272769442,12.569225335220647,11.839818272769442,2023,11,Q4,November
2023-11-16,AAPL,0.06737050365847486,0.06519815071395875,6.737050365847486,6.519815071395875,2023,11,Q4,November
2023-11-16,GOOGL,-0.009261327122653373,-0.009304479853711928,-0.9261327122653373,-0.9304479853711929,2023,11,Q4,November
2023-11-16,MSFT,0.1454857945677106,0.1358288217587538,14.54857945677106,13.58288217587538,2023,11,Q4,November
2023-11-17,AAPL,0.06725803911532457,0.06509277917881742,6.7258039115324575,6.509277917881742,2023,11,Q4,November
2023-11-17,GOOGL,-0.020982610888973796,-0.02120587449392053,-2.0982610888973796,-2.120587449392053,2023,11,Q4,November
2023-11-17,MSFT,0.12624070892165706,0.11888528033626702,12.624070892165706,11.888528033626702,2023,11,Q4,November
2023-11-20,AAPL,0.07716045989080711,0.07432837490471444,7.716045989080711,7.432837490471444,2023,11,Q4,November
2023-11-20,GOOGL,-0.01418135157437117,-0.014282867842078465,-1.418135157437117,-1.4282867842078466,2023,11,Q4,November
2023-11-20,MSFT,0.1493530370656555,0.1391992076049967,14.93530370656555,13.919920760499672,2023,11,Q4,November
2023-11-21,AAPL,0.07260309184855496,0.07008849013623697,7.260309184855496,7.008849013623697,2023,11,Q4,November
2023-11-21,GOOGL,-0.008971855067878787,-0.009012344518482849,-0.8971855067878787,-0.9012344518482849,2023,11,Q4,November
2023-11-21,MSFT,0.1360458819892314,0.12755370855837056,13.604588198923139,12.755370855837056,2023,11,Q4,November
2023-11-22,AAPL,0.07637268862204327,0.07359676665949604,7.637268862204327,7.359676665949603,2023,11,Q4,November
2023-11-22,GOOGL,0.0020258597258886457,0.002023810439318782,0.20258597258886457,0.2023810439318782,2023,11,Q4,November
2023-11-22,MSFT,0.15060141834036944,0.14028477814260215,15.060141834036944,14.028477814260215,2023,11,Q4,November
2023-11-24,AAPL,0.06883340849728126,0.06656778126202507,6.883340849728126,6.656778126202507,2023,11,Q4,November
2023-11-24,GOOGL,-0.010997825958150909,-0.011058749139546702,-1.0997825958150909,-1.1058749139546702,2023,11,Q4,November
2023-11-24,MSFT,0.14932253593203004,0.13917266959851543,14.932253593203004,13.917266959851544,2023,11,Q4,November
2023-11-27,AAPL,0.06782070814221708,0.0656198501738721,6.782070814221708,6.561985017387211,2023,11,Q4,November
2023-11-27,GOOGL,-0.013023685684039554,-0.013109237490139229,-1.3023685684039554,-1.310923749013923,2023,11,Q4,November
2023-11-27,MSFT,0.15291573892385246,0.14229415875856874,15.291573892385246,14.229415875856875,2023,11,Q4,November
2023-11-28,AAPL,0.071252738130684,0.0688287469412266,7.1252738130684,6.882874694122661,2023,11,Q4,November
2023-11-28,GOOGL,-0.00730783541045843,-0.007334668447185271,-0.730783541045843,-0.7334668447185272,2023,11,Q4,November
2023-11-28,MSFT,0.1653704626268857,0.15303903013953898,16.53704626268857,15.303903013953898,2023,11,Q4,November
2023-11-29,AAPL,0.06545756749149656,0.06340434772927739,6.545756749149656,6.340434772927739,2023,11,Q4,November
2023-11-29,GOOGL,-0.023297831505253663,-0.02357351630515792,-2.3297831505253663,-2.357351630515792,2023,11,Q4,November
2023-11-29,MSFT,0.1536466364592477,0.1429279136204873,15.36466364592477,14.292791362048728,2023,11,Q4,November
2023-11-30,AAPL,0.06872094395413098,0.06646255395575801,6.8720943954130975,6.646255395575801,2023,11,Q4,November
2023-11-30,GOOGL,-0.04109691677800709,-0.04196526945381232,-4.109691677800709,-4.196526945381232,2023,11,Q4,November
2023-11-30,MSFT,0.15382945498239775,0.1430863711873594,15.382945498239774,14.30863711873594,2023,11,Q4,November
2023-12-01,AAPL,0.07597901943212482,0.07323096288046207,7.597901943212482,7.323096288046208,2023,12,Q4,December
2023-12-01,GOOGL,-0.04594457321603118,-0.0470335098672876,-4.594457321603118,-4.7033509867287595,2023,12,Q4,December
2023-12-01,MSFT,0.14043079650509727,0.1314060826944674,14.043079650509727,13.14060826944674,2023,12,Q4,December
2023-12-04,AAPL,0.06579513427651817,0.06372112554503274,6.5795134276518175,6.372112554503275,2023,12,Q4,December
2023-12-04,GOOGL,-0.06468422033803534,-0.06687107445336593,-6.468422033803534,-6.6871074453365935,2023,12,Q4,December
2023-12-04,MSFT,0.12407842330979468,0.11696352066550385,12.407842330979468,11.696352066550384,2023,12,Q4,December
2023-12-05,AAPL,0.08824414796940094,0.08456552396684813,8.824414796940093,8.456552396684813,2023,12,Q4,December
2023-12-05,GOOGL,-0.0522393675991617,-0.05365330607743796,-5.22393675991617,-5.365330607743796,2023,12,Q4,December
2023-12-05,MSFT,0.13437095554026723,0.12607827310077094,13.437095554026723,12.607827310077093,2023,12,Q4,December
2023-12-06,AAPL,0.08205530814029505,0.07886229569856121,8.205530814029505,7.886229569856121,2023,12,Q4,December
2023-12-06,GOOGL,-0.059257619790461846,-0.061085949238934296,-5.925761979046184,-6.108594923893429,2023,12,Q4,December
2023-12-06,MSFT,0.12304298513465106,0.11604195208043785,12.304298513465106,11.604195208043786,2023,12,Q4,December
2023-12-07,AAPL,0.0930265316757386,0.08895048307704247,9.30265316757386,8.895048307704247,2023,12,Q4,December
2023-12-07,GOOGL,-0.009261327122653262,-0.009304479853711863,-0.9261327122653262,-0.9304479853711862,2023,12,Q4,December
2023-12-07,MSFT,0.12959027940168055,0.1218549823742767,12.959027940168056,12.18549823742767,2023,12,Q4,December
2023-12-08,AAPL,0.1011285674051785,0.09633562422477779,10.11285674051785,9.633562422477778,2023,12,Q4,December
2023-12-08,GOOGL,-0.02329783150525344,-0.0235735163051578,-2.329783150525344,-2.35735163051578,2023,12,Q4,December
2023-12-08,MSFT,0.1395781768531037,0.13065817362770465,13.95781768531037,13.065817362770465,2023,12,Q4,December
2023-12-11,AAPL,0.08689379425152977,0.08332389798521338,8.689379425152977,8.332389798521337,2023,12,Q4,December
2023-12-11,GOOGL,-0.035598170545506846,-0.0362472356896815,-3.5598170545506846,-3.6247235689681503,2023,12,Q4,December
2023-12-11,MSFT,0.13065593629254568,0.12279793890921338,13.065593629254568,12.279793890921338,2023,12,Q4,December
2023-12-12,AAPL,0.09550222344739434,0.0912129096701236,9.550222344739435,9.12129096701236,2023,12,Q4,December
2023-12-12,GOOGL,-0.04116928479170068,-0.04204074188255835,-4.116928479170068,-4.204074188255835,2023,12,Q4,December
2023-12-12,MSFT,0.14003494074307543,0.13105891171133696,14.003494074307543,13.105891171133695,2023,12,Q4,December
2023-12-13,AAPL,0.1137877114435144,0.1077665591115925,11.37877114435144,10.77665591115925,2023,12,Q4,December
2023-12-13,GOOGL,-0.0408073335588488,-0.0416633207931062,-4.08073335588488,-4.16633207931062,2023,12,Q4,December
2023-12-13,MSFT,0.14000443960944997,0.13103215679307537,14.000443960944997,13.103215679307537,2023,12,Q4,December
2023-12-14,AAPL,0.11463184485053124,0.10852416639879127,11.463184485053123,10.852416639879127,2023,12,Q4,December
2023-12-14,GOOGL,-0.04536585143524885,-0.046427102407435486,-4.536585143524885,-4.642710240743549,2023,12,Q4,December
2023-12-14,MSFT,0.11430337481864061,0.10822943371085159,11.430337481864061,10.82294337108516,2023,12,Q4,December
2023-12-15,AAPL,0.11159357062976816,0.10579463498118694,11.159357062976817,10.579463498118693,2023,12,Q4,December
2023-12-15,GOOGL,-0.04059056301091846,-0.04143735361787466,-4.059056301091846,-4.143735361787466,2023,12,Q4,December
2023-12-15,MSFT,0.12892019585493353,0.12126159697823816,12.892019585493353,12.126159697823816,2023,12,Q4,December
2023-12-18,AAPL,0.10214126776024268,0.0972548946747397,10.214126776024269,9.72548946747397,2023,12,Q4,December
2023-12-18,GOOGL,-0.017437245204285134,-0.01759106471287307,-1.7437245204285134,-1.759106471287307,2023,12,Q4,December
2023-12-18,MSFT,0.13476681130228907,0.12642717722798794,13.476681130228908,12.642717722798794,2023,12,Q4,December
2023-12-19,AAPL,0.10804907609815073,0.10260087985156417,10.804907609815073,10.260087985156417,2023,12,Q4,December
2023-12-19,GOOGL,-0.011287298012925606,-0.011351483001591606,-1.1287298012925606,-1.1351483001591607,2023,12,Q4,December
2023-12-19,MSFT,0.13662436799580036,0.12806278902797805,13.662436799580036,12.806278902797805,2023,12,Q4,December
2023-12-20,AAPL,0.09617753017300767,0.09182915549332737,9.617753017300767,9.182915549332737,2023,12,Q4,December
2023-12-20,GOOGL,0.0009405618492506207,0.0009401197981171363,0.09405618492506207,0.09401197981171364,2023,12,Q4,December
2023-12-20,MSFT,0.12858524822086115,0.120964855601681,12.858524822086114,12.0964855601681,2023,12,Q4,December
2023-12-21,AAPL,0.09533331018820546,0.09105870981629591,9.533331018820546,9.105870981629591,2023,12,Q4,December
2023-12-21,GOOGL,0.01599010725917882,0.015863612159258595,1.599010725917882,1.5863612159258595,2023,12,Q4,December
2023-12-21,MSFT,0.13747708178709495,0.12881272376052044,13.747708178709495,12.881272376052044,2023,12,Q4,December
2023-12-22,AAPL,0.08925710805782061,0.08549591163820847,8.92571080578206,8.549591163820846,2023,12,Q4,December
2023-12-22,GOOGL,0.023731928423032178,0.02345470369530336,2.373192842303218,2.345470369530336,2023,12,Q4,December
2023-12-22,MSFT,0.14064392788327007,0.13159295195965576,14.064392788327007,13.159295195965576,2023,12,Q4,December
2023-12-26,AAPL,0.0861625582765897,0.0826508956475709,8.61625582765897,8.26508956475709,2023,12,Q4,December
2023-12-26,GOOGL,0.023949032464113174,0.02366675239433553,2.3949032464113174,2.366675239433553,2023,12,Q4,December
2023-12-26,MSFT,0.1408874662557673,0.1318064387203883,14.088746625576732,13.18064387203883,2023,12,Q4,December
2023-12-27,AAPL,0.08672505414791165,0.08316863607801989,8.672505414791164,8.316863607801988,2023,12,Q4,December
2023-12-27,GOOGL,0.01562837835509412,0.015507512910833254,1.562837835509412,1.5507512910833254,2023,12,Q4,December
2023-12-27,MSFT,0.1390910059688082,0.13023058115803782,13.909100596880819,13.023058115803781,2023,12,Q4,December
2023-12-28,AAPL,0.08914447035909978,0.0853924984751468,8.914447035909978,8.539249847514679,2023,12,Q4,December
2023-12-28,GOOGL,0.014615337327766209,0.014509562661238167,1.461533732776621,1.4509562661238167,2023,12,Q4,December
2023-12-28,MSFT,0.14277552408290428,0.1334599736467894,14.277552408290429,13.34599736467894,2023,12,Q4,December
2023-12-29,AAPL,0.0832367485989769,0.07995354855957472,8.32367485989769,7.995354855957472,2023,12,Q4,December
2023-12-29,GOOGL,0.010708242738992624,0.010651315540630014,1.0708242738992624,1.0651315540630015,2023,12,Q4,December
2023-12-29,MSFT,0.1450898446663873,0.13548310088537577,14.50898446663873,13.548310088537576,2023,12,Q4,December
2024-01-02,AAPL,0.044471372059634584,0.04351089336661958,4.447137205963458,4.351089336661958,2024,1,Q1,January
2024-01-02,GOOGL,-0.0002894720547745866,-0.00028951395989684076,-0.02894720547745866,-0.028951395989684076,2024,1,Q1,January
2024-01-02,MSFT,0.12934645861127958,0.12163911020110349,12.934645861127958,12.16391102011035,2024,1,Q1,January
2024-01-03,AAPL,0.03665080071031901,0.03599513262487089,3.665080071031901,3.599513262487089,2024,1,Q1,January
2024-01-03,GOOGL,0.0051370173284153164,0.005123867868343553,0.5137017328415316,0.5123867868343553,2024,1,Q1,January
2024-01-03,MSFT,0.12852443423221294,0.12091096899693536,12.852443423221294,12.091096899693536,2024,1,Q1,January
2024-01-04,AAPL,0.023485176627773052,0.02321364299309897,2.3485176627773052,2.321364299309897,2024,1,Q1,January
2024-01-04,GOOGL,-0.013168421711426737,-0.013255894141162707,-1.3168421711426737,-1.3255894141162707,2024,1,Q1,January
2024-01-04,MSFT,0.12042431219002281,0.11370746373106096,12.042431219002282,11.370746373106096,2024,1,Q1,January
2024-01-05,AAPL,0.019378013069263345,0.01919265018939894,1.9378013069263345,1.9192650189398939,2024,1,Q1,January
2024-01-05,GOOGL,-0.01794371013575724,-0.01810665061647922,-1.794371013575724,-1.810665061647922,2024,1,Q1,January
2024-01-05,MSFT,0.11984573204415194,0.11319093657378933,11.984573204415195,11.319093657378932,2024,1,Q1,January
2024-01-08,AAPL,0.04402134073146313,0.04307993056518794,4.402134073146313,4.307993056518794,2024,1,Q1,January
2024-01-08,GOOGL,0.004558184383249397,0.004547827321818191,0.45581843832493973,0.4547827321818191,2024,1,Q1,January
2024-01-08,MSFT,0.14097906379594494,0.13188672171592783,14.097906379594495,13.188672171592783,2024,1,Q1,January
2024-01-09,AAPL,0.04165811350295745,0.040813783449383224,4.165811350295745,4.081378344938322,2024,1,Q1,January
2024-01-09,GOOGL,0.01982494499864207,0.01963099001699376,1.982494499864207,1.9630990016993761,2024,1,Q1,January
2024-01-09,MSFT,0.1443285401366674,0.13481803716191307,14.432854013666741,13.481803716191306,2024,1,Q1,January
2024-01-10,AAPL,0.047565835263080336,0.046469220732339056,4.756583526308034,4.646922073233906,2024,1,Q1,January
2024-01-10,GOOGL,0.02944777869661297,0.029022521280857826,2.944777869661297,2.9022521280857827,2024,1,Q1,January
2024-01-10,MSFT,0.1655835940050583,0.15322190064971525,16.55835940050583,15.322190064971524,2024,1,Q1,January
2024-01-11,AAPL,0.04419008083508125,0.04324154265316186,4.419008083508125,4.324154265316186,2024,1,Q1,January
2024-01-11,GOOGL,0.02800086308027372,0.027616006604871755,2.800086308027372,2.7616006604871757,2024,1,Q1,January
2024-01-11,MSFT,0.17124748506856502,0.15806940734818145,17.124748506856502,15.806940734818145,2024,1,Q1,January
2024-01-12,AAPL,0.04604674144159171,0.045018050534969045,4.604674144159171,4.501805053496905,2024,1,Q1,January
2024-01-12,GOOGL,0.0321248393813609,0.03161962813607677,3.2124839381360903,3.161962813607677,2024,1,Q1,January
2024-01-12,MSFT,0.18294081010257757,0.1680035500188896,18.294081010257756,16.80035500188896,2024,1,Q1,January
2024-01-16,AAPL,0.033162668316955246,0.03262464948935721,3.3162668316955246,3.262464948935721,2024,1,Q1,January
2024-01-16,GOOGL,0.030967284655412763,0.030497472868330072,3.0967284655412763,3.049747286833007,2024,1,Q1,January
2024-01-16,MSFT,0.18842197678223527,0.17262635718375802,18.842197678223528,17.2626357183758,2024,1,Q1,January
2024-01-17,AAPL,0.02781735585036893,0.027437481841638203,2.781735585036893,2.7437481841638203,2024,1,Q1,January
2024-01-17,GOOGL,0.023587414724411504,0.023313530116941764,2.3587414724411504,2.3313530116941763,2024,1,Q1,January
2024-01-17,MSFT,0.18598583994285312,0.17057436116433808,18.598583994285313,17.05743611643381,2024,1,Q1,January
2024-01-18,AAPL,0.06129412837251924,0.05948903928425101,6.129412837251924,5.948903928425101,2024,1,Q1,January
2024-01-18,GOOGL,0.038130272874100424,0.03742128060103649,3.8130272874100424,3.7421280601036493,2024,1,Q1,January
2024-01-18,MSFT,0.1993843101415509,0.18180835024395786,19.93843101415509,18.180835024395787,2024,1,Q1,January
2024-01-19,AAPL,0.07777923132259668,0.07490265682203953,7.777923132259668,7.490265682203953,2024,1,Q1,January
2024-01-19,GOOGL,0.05911299492745781,0.05743176057548012,5.911299492745781,5.743176057548012,2024,1,Q1,January
2024-01-19,MSFT,0.21400103703854256,0.19392154686967894,21.400103703854256,19.392154686967896,2024,1,Q1,January
2024-01-22,AAPL,0.09088857984467502,0.0869925750038248,9.088857984467502,8.69925750038248,2024,1,Q1,January
2024-01-22,GOOGL,0.056290975886555294,0.05476369267553949,5.6290975886555294,5.476369267553949,2024,1,Q1,January
2024-01-22,MSFT,0.2074236181950928,0.18848884839070407,20.74236181950928,18.848884839070408,2024,1,Q1,January
2024-01-23,AAPL,0.09814656874488348,0.09362382119593711,9.814656874488348,9.362382119593711,2024,1,Q1,January
2024-01-23,GOOGL,0.06388828335178842,0.06193038855707454,6.388828335178842,6.193038855707454,2024,1,Q1,January
2024-01-23,MSFT,0.2147013393010111,0.19449823530108099,21.47013393010111,19.449823530108098,2024,1,Q1,January
2024-01-24,AAPL,0.09432069641092733,0.09013380218576225,9.432069641092733,9.013380218576225,2024,1,Q1,January
2024-01-24,GOOGL,0.07589903917288354,0.07315662757232662,7.589903917288354,7.315662757232662,2024,1,Q1,January
2024-01-24,MSFT,0.22584677360138095,0.20363184895399394,22.584677360138095,20.363184895399396,2024,1,Q1,January
2024-01-25,AAPL,0.09246403580441709,0.08843572827360127,9.246403580441708,8.843572827360127,2024,1,Q1,January
2024-01-25,GOOGL,0.0988350306096688,0.09425055551863117,9.88350306096688,9.425055551863117,2024,1,Q1,January
2024-01-25,MSFT,0.2328807680561995,0.20935351882204745,23.28807680561995,20.935351882204746,2024,1,Q1,January
2024-01-26,AAPL,0.08261797716718777,0.07938216079172161,8.261797716718778,7.938216079172161,2024,1,Q1,January
2024-01-26,GOOGL,0.10115047355471574,0.09635551829735474,10.115047355471575,9.635551829735475,2024,1,Q1,January
2024-01-26,MSFT,0.2300183684604713,0.20702910298051996,23.00183684604713,20.702910298051997,2024,1,Q1,January
2024-01-29,AAPL,0.07873574269497863,0.07578974682292682,7.873574269497863,7.578974682292682,2024,1,Q1,January
2024-01-29,GOOGL,0.11070105040337674,0.10499139290344273,11.070105040337674,10.499139290344273,2024,1,Q1,January
2024-01-29,MSFT,0.24764981234271577,0.22126163148758476,24.764981234271577,22.126163148758476,2024,1,Q1,January
2024-01-30,AAPL,0.05797456292720282,0.056356290545191055,5.797456292720282,5.6356290545191055,2024,1,Q1,January
2024-01-30,GOOGL,0.09586860903452976,0.09154729907160526,9.586860903452976,9.154729907160526,2024,1,Q1,January
2024-01-30,MSFT,0.24420873846181546,0.21849977643195165,24.420873846181546,21.849977643195164,2024,1,Q1,January
2024-01-31,AAPL,0.037494674383980575,0.0368088399856667,3.7494674383980575,3.68088399856667,2024,1,Q1,January
2024-01-31,GOOGL,0.013674775478515588,0.013582119480668328,1.3674775478515588,1.3582119480668329,2024,1,Q1,January
2024-01-31,MSFT,0.21068187355284262,0.1911837327460517,21.068187355284262,19.11837327460517,2024,1,Q1,January
2024-02-01,AAPL,0.05133569176992547,0.050061443151696174,5.133569176992547,5.006144315169617,2024,2,Q1,February
2024-02-01,GOOGL,0.02134433979305883,0.02111973971195162,2.134433979305883,2.111973971195162,2024,2,Q1,February
2024-02-01,MSFT,0.2295616045704998,0.20665768680358662,22.95616045704998,20.665768680358664,2024,2,Q1,February
2024-02-02,AAPL,0.04565298567388831,0.044641556942460914,4.565298567388831,4.464155694246092,2024,2,Q1,February
2024-02-02,GOOGL,0.03017156999793369,0.02972536118336126,3.017156999793369,2.972536118336126,2024,2,Q1,February
2024-02-02,MSFT,0.2522175453817319,0.22491601587580162,25.22175453817319,22.491601587580163,2024,2,Q1,February
2024-02-05,AAPL,0.05594916221707469,0.05444004228532179,5.594916221707469,5.444004228532179,2024,2,Q1,February
2024-02-05,GOOGL,0.039577299654823594,0.03881418789349107,3.9577299654823594,3.8814187893491074,2024,2,Q1,February
2024-02-05,MSFT,0.23525599676763198,0.21127823343149896,23.5255996767632,21.127823343149895,2024,2,Q1,February
2024-02-06,AAPL,0.06506363856822284,0.06303455190030982,6.506363856822284,6.3034551900309825,2024,2,Q1,February
2024-02-06,GOOGL,0.042616311572423626,0.041733238321009815,4.261631157242363,4.173323832100982,2024,2,Q1,February
2024-02-06,MSFT,0.23476892002263772,0.21088384327940227,23.47689200226377,21.088384327940226,2024,2,Q1,February
2024-02-07,AAPL,0.06568266973336856,0.06361559825026716,6.568266973336856,6.361559825026716,2024,2,Q1,February
2024-02-07,GOOGL,0.05303519342102492,0.051676654645589376,5.303519342102492,5.1676654645589375,2024,2,Q1,February
2024-02-07,MSFT,0.260835245302542,0.23177439444406275,26.0835245302542,23.177439444406275,2024,2,Q1,February
2024-02-08,AAPL,0.05955001888694511,0.05784430750987678,5.955001888694511,5.784430750987678,2024,2,Q1,February
2024-02-08,GOOGL,0.055712254105773074,0.05421566151057875,5.571225410577307,5.421566151057875,2024,2,Q1,February
2024-02-08,MSFT,0.26101787554708955,0.2319192325738942,26.101787554708956,23.191923257389423,2024,2,Q1,February
2024-02-09,AAPL,0.06388782566558726,0.061929958355607204,6.388782566558726,6.19299583556072,2024,2,Q1,February
2024-02-09,GOOGL,0.07806952376177612,0.07517196369270929,7.806952376177612,7.517196369270929,2024,2,Q1,February
2024-02-09,MSFT,0.28062850410014195,0.24735097624946406,28.062850410014196,24.735097624946405,2024,2,Q1,February
2024-02-12,AAPL,0.05431076420739411,0.0528872493631145,5.431076420739411,5.28872493631145,2024,2,Q1,February
2024-02-12,GOOGL,0.06743353787209361,0.06525720457783662,6.743353787209361,6.525720457783662,2024,2,Q1,February
2024-02-12,MSFT,0.2645196692773366,0.23469234199095976,26.45196692773366,23.469234199095975,2024,2,Q1,February
2024-02-13,AAPL,0.04242415374760289,0.041548917845161196,4.242415374760289,4.15489178451612,2024,2,Q1,February
2024-02-13,GOOGL,0.050141028695195766,0.04892446819328626,5.014102869519577,4.892446819328626,2024,2,Q1,February
2024-02-13,MSFT,0.23729627784499208,0.2129285779450537,23.729627784499208,21.29285779450537,2024,2,Q1,February
2024-02-14,AAPL,0.03741026104327916,0.036727474001802186,3.741026104327916,3.6727474001802185,2024,2,Q1,February
2024-02-14,GOOGL,0.05592924698247059,0.054421182075835295,5.592924698247059,5.44211820758353,2024,2,Q1,February
2024-02-14,MSFT,0.24925526398731046,0.22254758495137908,24.925526398731044,22.254758495137906,2024,2,Q1,February
2024-02-15,AAPL,0.03577645165622134,0.03515134029876888,3.577645165622134,3.5151340298768883,2024,2,Q1,February
2024-02-15,GOOGL,0.03299314438130185,0.03246055350492902,3.2993144381301853,3.246055350492902,2024,2,Q1,February
2024-02-15,MSFT,0.24031654904902244,0.2153666285293174,24.031654904902243,21.53666285293174,2024,2,Q1,February
2024-02-16,AAPL,0.02704464911625415,0.026685405284994385,2.704464911625415,2.6685405284994386,2024,2,Q1,February
2024-02-16,GOOGL,0.016713676231731922,0.01657553979868241,1.6713676231731922,1.6575539798682408,2024,2,Q1,February
2024-02-16,MSFT,0.23268957113523236,0.20919842535883412,23.268957113523236,20.91984253588341,2024,2,Q1,February
2024-02-20,AAPL,0.02281948003633283,0.022563010045793662,2.281948003633283,2.2563010045793663,2024,2,Q1,February
2024-02-20,GOOGL,0.021054867738284022,0.020836276953402292,2.105486773828402,2.0836276953402293,2024,2,Q1,February
2024-02-20,MSFT,0.2288152681896889,0.20605050861865515,22.88152681896889,20.605050861865514,2024,2,Q1,February
2024-02-21,AAPL,0.02710101125450759,0.026740281761726076,2.710101125450759,2.6740281761726075,2024,2,Q1,February
2024-02-21,GOOGL,0.0314014927375752,0.030918549926262112,3.14014927375752,3.091854992626211,2024,2,Q1,February
2024-02-21,MSFT,0.22695422834202894,0.20453486131824575,22.695422834202894,20.453486131824576,2024,2,Q1,February
2024-02-22,AAPL,0.0386497086181361,0.03792151245948563,3.8649708618136103,3.792151245948563,2024,2,Q1,February
2024-02-22,GOOGL,0.04254383239434634,0.04166371926913641,4.254383239434634,4.166371926913641,2024,2,Q1,February
2024-02-22,MSFT,0.25584492093993116,0.22780858983365945,25.584492093993116,22.780858983365945,2024,2,Q1,February
2024-02-23,AAPL,0.02822764797507271,0.02783658996367431,2.822764797507271,2.7836589963674307,2024,2,Q1,February
2024-02-23,GOOGL,0.04160338170947919,0.040761239115782895,4.160338170947919,4.076123911578289,2024,2,Q1,February
2024-02-23,MSFT,0.2518483310419819,0.22462112399943196,25.18483310419819,22.462112399943194,2024,2,Q1,February
2024-02-26,AAPL,0.020566120017417422,0.020357492954672467,2.056612001741742,2.0357492954672467,2024,2,Q1,February
2024-02-26,GOOGL,-0.004630441232559623,-0.004641194934662009,-0.46304412325596234,-0.46411949346620085,2024,2,Q1,February
2024-02-26,MSFT,0.2433063191194278,0.21777421750178438,24.33063191194278,21.777421750178437,2024,2,Q1,February
2024-02-27,AAPL,0.028847371762501073,0.028439119088991466,2.8847371762501073,2.8439119088991465,2024,2,Q1,February
2024-02-27,GOOGL,0.004847545273640508,0.004835833758866082,0.4847545273640508,0.4835833758866082,2024,2,Q1,February
2024-02-27,MSFT,0.24312331231767503,0.21762701301244802,24.3123312317675,21.762701301244803,2024,2,Q1,February
2024-02-28,AAPL,0.02203075641193064,0.02179158566521305,2.203075641193064,2.179158566521305,2024,2,Q1,February
2024-02-28,GOOGL,-0.01324078972512055,-0.013329230533028529,-1.324078972512055,-1.3329230533028529,2024,2,Q1,February
2024-02-28,MSFT,0.24385543366398754,0.218215776682941,24.385543366398753,21.8215776682941,2024,2,Q1,February
2024-02-29,AAPL,0.018256397860248796,0.018091750718639506,1.8256397860248796,1.8091750718639505,2024,2,Q1,February
2024-02-29,GOOGL,0.0018088668491911264,0.0018072328197496542,0.18088668491911264,0.18072328197496543,2024,2,Q1,February
2024-02-29,MSFT,0.2619158703423161,0.2326310981427868,26.19158703423161,23.26310981427868,2024,2,Q1,February
2024-03-01,AAPL,0.012115868435359944,0.0120430588126213,1.2115868435359944,1.2043058812621301,2024,3,Q1,March
2024-03-01,GOOGL,-0.0077419323282368335,-0.0077720566674477146,-0.7741932328236834,-0.7772056667447714,2024,3,Q1,March
2024-03-01,MSFT,0.2675903991468713,0.2371177747659258,26.759039914687133,23.71177747659258,2024,3,Q1,March
2024-03-04,AAPL,-0.013572972562546082,-0.013665927428857106,-1.3572972562546082,-1.3665927428857105,2024,3,Q1,March
2024-03-04,GOOGL,-0.03516396246334497,-0.035797101367810044,-3.5163962463344967,-3.5797101367810042,2024,3,Q1,March
2024-03-04,MSFT,0.265820956839389,0.2357208894231443,26.5820956839389,23.57208894231443,2024,3,Q1,March
2024-03-05,AAPL,-0.041627984433659226,-0.04251925116417897,-4.162798443365922,-4.251925116417897,2024,3,Q1,March
2024-03-05,GOOGL,-0.040083986915062875,-0.040909484717268046,-4.0083986915062875,-4.090948471726804,2024,3,Q1,March
2024-03-05,MSFT,0.22838815817963143,0.20570286950194563,22.838815817963145,20.570286950194564,2024,3,Q1,March
2024-03-06,AAPL,-0.047261341192055384,-0.048414642938015395,-4.726134119205538,-4.84146429380154,2024,3,Q1,March
2024-03-06,GOOGL,-0.04927305718840602,-0.050528384046497204,-4.927305718840602,-5.05283840464972,2024,3,Q1,March
2024-03-06,MSFT,0.22667962400009878,0.20431102650049993,22.667962400009877,20.431102650049993,2024,3,Q1,March
2024-03-07,AAPL,-0.04793734053995158,-0.04912442759617724,-4.793734053995157,-4.912442759617724,2024,3,Q1,March
2024-03-07,GOOGL,-0.02771150218988283,-0.028102710113988683,-2.771150218988283,-2.8102710113988683,2024,3,Q1,March
2024-03-07,MSFT,0.24818753603181687,0.2216925279142055,24.818753603181687,22.16925279142055,2024,3,Q1,March
2024-03-08,AAPL,-0.038191538978140316,-0.03893995310733875,-3.8191538978140316,-3.893995310733875,2024,3,Q1,March
2024-03-08,GOOGL,-0.020259153080804282,-0.020467184207637337,-2.025915308080428,-2.046718420763734,2024,3,Q1,March
2024-03-08,MSFT,0.23927932222715453,0.21453001890725645,23.927932222715455,21.453001890725645,2024,3,Q1,March
2024-03-11,AAPL,-0.026811668295915192,-0.02717765776231532,-2.681166829591519,-2.717765776231532,2024,3,Q1,March
2024-03-11,GOOGL,-0.003907205753157061,-0.0039148588228055566,-0.39072057531570614,-0.39148588228055564,2024,3,Q1,March
2024-03-11,MSFT,0.23409299983920961,0.21033628718087868,23.40929998392096,21.03362871808787,2024,3,Q1,March
2024-03-12,AAPL,-0.02410758432654536,-0.02440292848757307,-2.410758432654536,-2.440292848757307,2024,3,Q1,March
2024-03-12,GOOGL,0.0020981165751987607,0.0020959186024820864,0.20981165751987607,0.20959186024820864,2024,3,Q1,March
2024-03-12,MSFT,0.2669190917892075,0.23658804120149193,26.691909178920746,23.658804120149192,2024,3,Q1,March
2024-03-13,AAPL,-0.035937919225868864,-0.03659958730183865,-3.5937919225868864,-3.6599587301838645,2024,3,Q1,March
2024-03-13,GOOGL,0.011431589382778773,0.011366742498893065,1.1431589382778773,1.1366742498893065,2024,3,Q1,March
2024-03-13,MSFT,0.2663700713839492,0.23615459647529555,26.63700713839492,23.615459647529555,2024,3,Q1,March
2024-03-14,AAPL,-0.02540339403965508,-0.02573163107382493,-2.540339403965508,-2.573163107382493,2024,3,Q1,March
2024-03-14,GOOGL,0.035380955340042375,0.03476943178747077,3.5380955340042375,3.476943178747077,2024,3,Q1,March
2024-03-14,MSFT,0.29724371422471174,0.2602417937921968,29.724371422471172,26.02417937921968,2024,3,Q1,March
2024-03-15,AAPL,-0.027544029782064383,-0.027930479354642178,-2.7544029782064383,-2.7930479354642177,2024,3,Q1,March
2024-03-15,GOOGL,0.02148885349167884,0.021261223313585074,2.148885349167884,2.1261223313585074,2024,3,Q1,March
2024-03-15,MSFT,0.27039706827622245,0.23932950379099183,27.039706827622247,23.932950379099182,2024,3,Q1,March
2024-03-18,AAPL,-0.021347224796707698,-0.02157837229114625,-2.13472247967077,-2.1578372291146253,2024,3,Q1,March
2024-03-18,GOOGL,0.06851883574873163,0.06627342383762964,6.851883574873163,6.627342383762964,2024,3,Q1,March
2024-03-18,MSFT,0.2731427351383222,0.24148843830019526,27.31427351383222,24.148843830019526,2024,3,Q1,March
2024-03-19,AAPL,-0.008052166925085702,-0.008084760706137313,-0.8052166925085702,-0.8084760706137314,2024,3,Q1,March
2024-03-19,GOOGL,0.06381580417371135,0.0618622595549918,6.3815804173711355,6.18622595549918,2024,3,Q1,March
2024-03-19,MSFT,0.28562033469157466,0.2512413525932786,28.562033469157466,25.12413525932786,2024,3,Q1,March
2024-03-20,AAPL,0.006538700659646013,0.006517416088399548,0.6538700659646013,0.6517416088399548,2024,3,Q1,March
2024-03-20,GOOGL,0.07618840006327487,0.07342553940821168,7.6188400063274875,7.342553940821168,2024,3,Q1,March
2024-03-20,MSFT,0.29727412121903574,0.2602652332104271,29.727412121903573,26.02652332104271,2024,3,Q1,March
2024-03-21,AAPL,-0.03458600710786186,-0.03519826146246815,-3.458600710786186,-3.519826146246815,2024,3,Q1,March
2024-03-21,GOOGL,0.06794022513233289,0.06573176999446498,6.794022513233289,6.573176999446498,2024,3,Q1,March
2024-03-21,MSFT,0.3099044147190182,0.2699541686875769,30.990441471901818,26.995416868757687,2024,3,Q1,March
2024-03-22,AAPL,-0.02945947670481719,-0.02990212217505151,-2.945947670481719,-2.9902122175051513,2024,3,Q1,March
2024-03-22,GOOGL,0.09087621656911793,0.08698124172392532,9.087621656911793,8.698124172392532,2024,3,Q1,March
2024-03-22,MSFT,0.3079823726041073,0.26848577634183196,30.798237260410733,26.848577634183197,2024,3,Q1,March
2024-03-25,AAPL,-0.03751527989688819,-0.03823708816375747,-3.7515279896888187,-3.823708816375747,2024,3,Q1,March
2024-03-25,GOOGL,0.08581145609001273,0.08232759326244773,8.581145609001272,8.232759326244773,2024,3,Q1,March
2024-03-25,MSFT,0.2900439404602806,0.25467628016578153,29.00439404602806,25.467628016578153,2024,3,Q1,March
2024-03-26,AAPL,-0.04393744685747203,-0.044931935913870895,-4.393744685747203,-4.493193591387089,2024,3,Q1,March
2024-03-26,GOOGL,0.09015253643218113,0.08631762813102897,9.015253643218113,8.631762813102897,2024,3,Q1,March
2024-03-26,MSFT,0.2863524560378874,0.2518106598337949,28.63524560378874,25.18106598337949,2024,3,Q1,March
2024-03-27,AAPL,-0.023656946953876323,-0.023941265549988468,-2.3656946953876323,-2.394126554998847,2024,3,Q1,March
2024-03-27,GOOGL,0.09159956321290386,0.08764410971721369,9.159956321290386,8.764410971721368,2024,3,Q1,March
2024-03-27,MSFT,0.28568124281952456,0.25128872792139556,28.568124281952457,25.128872792139557,2024,3,Q1,March
2024-03-28,AAPL,-0.0339662833204335,-0.03455654198373288,-3.39662833204335,-3.4556541983732885,2024,3,Q1,March
2024-03-28,GOOGL,0.09203377129506585,0.08804180293889442,9.203377129506585,8.804180293889443,2024,3,Q1,March
2024-03-28,MSFT,0.2835153799142125,0.24960270404979473,28.35153799142125,24.96027040497947,2024,3,Q1,March
2024-04-01,AAPL,-0.04213481078901071,-0.043048231987540625,-4.213481078901071,-4.304823198754063,2024,4,Q2,April
2024-04-01,GOOGL,0.12502702684075118,0.117807059226261,12.502702684075118,11.780705922626101,2024,4,Q2,April
2024-04-01,MSFT,0.29526085812115266,0.2587121097088157,29.526085812115266,25.87121097088157,2024,4,Q2,April
2024-04-02,AAPL,-0.04883878844086009,-0.05007171286518258,-4.883878844086009,-5.0071712865182585,2024,4,Q2,April
2024-04-02,GOOGL,0.11829824670422573,0.11180810722839092,11.829824670422573,11.180810722839093,2024,4,Q2,April
2024-04-02,MSFT,0.2857120263710542,0.25131267101240373,28.57120263710542,25.131267101240372,2024,4,Q2,April
2024-04-03,AAPL,-0.044275619686990564,-0.045285712610559935,-4.427561968699056,-4.528571261055993,2024,4,Q2,April
2024-04-03,GOOGL,0.1209029393752803,0.11413455637645567,12.09029393752803,11.413455637645567,2024,4,Q2,April
2024-04-03,MSFT,0.2826916610277226,0.24896073019371984,28.26916610277226,24.896073019371983,2024,4,Q2,April
2024-04-04,AAPL,-0.04895133956179565,-0.05019005009255563,-4.895133956179565,-5.019005009255563,2024,4,Q2,April
2024-04-04,GOOGL,0.0891396065692367,0.08538803276756145,8.91396065692367,8.538803276756145,2024,4,Q2,April
2024-04-04,MSFT,0.27485117517855406,0.2428294464473014,27.485117517855407,24.28294464473014,2024,4,Q2,April
2024-04-05,AAPL,-0.04466998149919177,-0.04569842908586679,-4.466998149919177,-4.569842908586679,2024,4,Q2,April
2024-04-05,GOOGL,0.10339321499291776,0.09839017265559247,10.339321499291776,9.839017265559246,2024,4,Q2,April
2024-04-05,MSFT,0.2981589365120785,0.2609470580216547,29.815893651207848,26.094705802165468,2024,4,Q2,April
2024-04-08,AAPL,-0.05103587289930778,-0.05238428182356516,-5.103587289930777,-5.2384281823565155,2024,4,Q2,April
2024-04-08,GOOGL,0.12039647444380797,0.11368261770465664,12.039647444380797,11.368261770465663,2024,4,Q2,April
2024-04-08,MSFT,0.2953218603884036,0.25875920511080863,29.532186038840358,25.875920511080864,2024,4,Q2,April
2024-04-09,AAPL,-0.04416289541048424,-0.04516777313801128,-4.416289541048424,-4.516777313801128,2024,4,Q2,April
2024-04-09,GOOGL,0.13305832005937912,0.1249204547364669,13.305832005937912,12.49204547364669,2024,4,Q2,April
2024-04-09,MSFT,0.30047749336412055,0.2627314996161933,30.047749336412053,26.27314996161933,2024,4,Q2,April
2024-04-10,AAPL,-0.054810318028774896,-0.05636964996762091,-5.48103180287749,-5.6369649967620905,2024,4,Q2,April
2024-04-10,GOOGL,0.12973005841577145,0.1219787178286342,12.973005841577145,12.19787178286342,2024,4,Q2,April
2024-04-10,MSFT,0.29126436236250486,0.255621864226255,29.126436236250484,25.562186422625498,2024,4,Q2,April
2024-04-11,AAPL,-0.013911058814279453,-0.014008724405329624,-1.3911058814279453,-1.4008724405329624,2024,4,Q2,April
2024-04-11,GOOGL,0.15338961882510982,0.14270510166023984,15.338961882510983,14.270510166023984,2024,4,Q2,April
2024-04-11,MSFT,0.3055111218053357,0.2665946283128955,30.55111218053357,26.65946283128955,2024,4,Q2,April
2024-04-12,AAPL,-0.005404358516183372,-0.005419014891056756,-0.5404358516183372,-0.5419014891056756,2024,4,Q2,April
2024-04-12,GOOGL,0.14123434930539447,0.13211043919041876,14.123434930539446,13.211043919041876,2024,4,Q2,April
2024-04-12,MSFT,0.28711526679642807,0.25240348699390475,28.71152667964281,25.240348699390474,2024,4,Q2,April
2024-04-15,AAPL,-0.027149667969862845,-0.027525029768478638,-2.7149667969862845,-2.7525029768478637,2024,4,Q2,April
2024-04-15,GOOGL,0.12046884245750178,0.11374720705161377,12.046884245750178,11.374720705161376,2024,4,Q2,April
2024-04-15,MSFT,0.26191587034231656,0.2326310981427869,26.191587034231656,23.26310981427869,2024,4,Q2,April
2024-04-16,AAPL,-0.04579670479754194,-0.04687853253944366,-4.579670479754194,-4.687853253944366,2024,4,Q2,April
2024-04-16,GOOGL,0.11714046964951064,0.11077226835724101,11.714046964951063,11.077226835724101,2024,4,Q2,April
2024-04-16,MSFT,0.2647836358782196,0.23490106871922714,26.478363587821963,23.490106871922713,2024,4,Q2,April
2024-04-17,AAPL,-0.05357087045391795,-0.05505918747413452,-5.357087045391795,-5.505918747413451,2024,4,Q2,April
2024-04-17,GOOGL,0.12488240197774747,0.117678498617242,12.488240197774747,11.7678498617242,2024,4,Q2,April
2024-04-17,MSFT,0.2564245366181168,0.22827001779611422,25.642453661811683,22.82700177961142,2024,4,Q2,April
2024-04-18,AAPL,-0.0589790383926575,-0.06078986376033261,-5.89790383926575,-6.078986376033261,2024,4,Q2,April
2024-04-18,GOOGL,0.12878938540213736,0.12114571807686955,12.878938540213735,12.114571807686955,2024,4,Q2,April
2024-04-18,MSFT,0.2333302832199704,0.20971805791412174,23.33302832199704,20.971805791412173,2024,4,Q2,April
2024-04-19,AAPL,-0.07047128704024763,-0.07307758153954319,-7.047128704024763,-7.307758153954319,2024,4,Q2,April
2024-04-19,GOOGL,0.114897505882541,0.10876247771160685,11.4897505882541,10.876247771160685,2024,4,Q2,April
2024-04-19,MSFT,0.21761890452730936,0.1968972340620073,21.76189045273094,19.68972340620073,2024,4,Q2,April
2024-04-22,AAPL,-0.0657393781827601,-0.06799984132903217,-6.5739378182760095,-6.799984132903217,2024,4,Q2,April
2024-04-22,GOOGL,0.1307429882787159,0.12287492840917927,13.074298827871589,12.287492840917928,2024,4,Q2,April
2024-04-22,MSFT,0.2232323369253124,0.20149681161855948,22.32323369253124,20.14968116185595,2024,4,Q2,April
2024-04-23,AAPL,-0.0597677620170598,-0.06162837254882162,-5.97677620170598,-6.162837254882162,2024,4,Q2,April
2024-04-23,GOOGL,0.145068964716091,0.13546486638546995,14.5068964716091,13.546486638546995,2024,4,Q2,April
2024-04-23,MSFT,0.24339791665960608,0.21784788733264018,24.339791665960608,21.78478873326402,2024,4,Q2,April
2024-04-24,AAPL,-0.04782470284123008,-0.049006125470687986,-4.782470284123008,-4.900612547068799,2024,4,Q2,April
2024-04-24,GOOGL,0.15136387026360487,0.14094721380563452,15.136387026360488,14.094721380563453,2024,4,Q2,April
2024-04-24,MSFT,0.2479434328235124,0.22149694265675807,24.79434328235124,22.149694265675805,2024,4,Q2,April
2024-04-25,AAPL,-0.04292344783562729,-0.04387189891605669,-4.292344783562729,-4.387189891605669,2024,4,Q2,April
2024-04-25,GOOGL,0.12871712855282724,0.12108170333415401,12.871712855282723,12.108170333415401,2024,4,Q2,April
2024-04-25,MSFT,0.21737480131900444,0.19669673809478036,21.737480131900444,19.669673809478034,2024,4,Q2,April
2024-04-26,AAPL,-0.04624734217021076,-0.047350909671978976,-4.624734217021076,-4.735090967197897,2024,4,Q2,April
2024-04-26,GOOGL,0.24412121053122404,0.2184294256887448,24.412121053122405,21.84294256887448,2024,4,Q2,April
2024-04-26,MSFT,0.23958442770271104,0.2147761844959102,23.958442770271105,21.47761844959102,2024,4,Q2,April
2024-04-29,AAPL,-0.02258658579377848,-0.022845569863117143,-2.258658579377848,-2.2845569863117143,2024,4,Q2,April
2024-04-29,GOOGL,0.20215609991765993,0.18411669450106707,20.215609991765994,18.411669450106707,2024,4,Q2,April
2024-04-29,MSFT,0.22716773627740805,0.204708860768147,22.716773627740807,20.4708860768147,2024,4,Q2,April
2024-04-30,AAPL,-0.04044472584148451,-0.04128535794138682,-4.044472584148451,-4.128535794138681,2024,4,Q2,April
2024-04-30,GOOGL,0.17777285937138476,0.1636252477676547,17.777285937138476,16.36252477676547,2024,4,Q2,April
2024-04-30,MSFT,0.18775189323548847,0.17206235505162,18.775189323548847,17.206235505162,2024,4,Q2,April
2024-05-01,AAPL,-0.04624734217021065,-0.047350909671978914,-4.624734217021064,-4.735090967197891,2024,5,Q2,May
2024-05-01,GOOGL,0.185586937384548,0.17023795777340636,18.5586937384548,17.023795777340638,2024,5,Q2,May
2024-05-01,MSFT,0.2048667006321263,0.18636893894151346,20.48667006321263,18.636893894151346,2024,5,Q2,May
2024-05-02,AAPL,-0.025234394202680477,-0.025558241196481004,-2.5234394202680477,-2.5558241196481,2024,5,Q2,May
2024-05-02,GOOGL,0.2055565072461938,0.18694129207074378,20.55565072461938,18.69412920707438,2024,5,Q2,May
2024-05-02,MSFT,0.21371400630883897,0.19368508523730707,21.371400630883898,19.368508523730707,2024,5,Q2,May
2024-05-03,AAPL,0.033072540842422615,0.03253741113992735,3.3072540842422615,3.253741113992735,2024,5,Q2,May
2024-05-03,GOOGL,0.21004254594451655,0.19065552092810056,21.004254594451655,19.065552092810055,2024,5,Q2,May
2024-05-03,MSFT,0.2406215603852777,0.2156125124041562,24.06215603852777,21.56125124041562,2024,5,Q2,May
2024-05-06,AAPL,0.02366456579898868,0.023388900491811478,2.366456579898868,2.3388900491811477,2024,5,Q2,May
2024-05-06,GOOGL,0.21626519464272054,0.19578484746591587,21.626519464272054,19.578484746591588,2024,5,Q2,May
2024-05-06,MSFT,0.26161085900606174,0.23238936395848628,26.161085900606174,23.23893639584863,2024,5,Q2,May
2024-05-07,AAPL,0.027551562049391354,0.02717884817237813,2.7551562049391354,2.717884817237813,2024,5,Q2,May
2024-05-07,GOOGL,0.2390563388877347,0.21435007287047095,23.90563388877347,21.435007287047096,2024,5,Q2,May
2024-05-07,MSFT,0.24879765284362776,0.2221812106878727,24.879765284362776,22.21812106878727,2024,5,Q2,May
2024-05-08,AAPL,0.029467095549929434,0.02904128539156226,2.9467095549929434,2.904128539156226,2024,5,Q2,May
2024-05-08,GOOGL,0.2255264106009902,0.2033704746318146,22.55264106009902,20.33704746318146,2024,5,Q2,May
2024-05-08,MSFT,0.2524584478537928,0.2251083780603347,25.24584478537928,22.51083780603347,2024,5,Q2,May
2024-05-09,AAPL,0.039776345338701224,0.03900563746722169,3.9776345338701224,3.9005637467221685,2024,5,Q2,May
2024-05-09,GOOGL,0.2297228660801549,0.20678883186777963,22.97228660801549,20.678883186777963,2024,5,Q2,May
2024-05-09,MSFT,0.25788887345004285,0.22943481848613603,25.788887345004284,22.943481848613605,2024,5,Q2,May
2024-05-10,AAPL,0.032612293335581244,0.03209179861778238,3.2612293335581244,3.209179861778238,2024,5,Q2,May
2024-05-10,GOOGL,0.22024443491642054,0.1990511951653539,22.024443491642053,19.90511951653539,2024,5,Q2,May
2024-05-10,MSFT,0.26527174815552823,0.2352869197851327,26.527174815552822,23.52869197851327,2024,5,Q2,May
2024-05-13,AAPL,0.050833021148270596,0.04958320310545557,5.08330211482706,4.958320310545557,2024,5,Q2,May
2024-05-13,GOOGL,0.2237898006011092,0.20195243780754452,22.37898006011092,20.195243780754453,2024,5,Q2,May
2024-05-13,MSFT,0.26215987941132024,0.23282444342554057,26.215987941132024,23.282444342554058,2024,5,Q2,May
2024-05-14,AAPL,0.05732029460342636,0.0557376833166888,5.732029460342636,5.57376833166888,2024,5,Q2,May
2024-05-14,GOOGL,0.23247218361421296,0.20902205760433368,23.247218361421297,20.902205760433368,2024,5,Q2,May
2024-05-14,MSFT,0.27082417828628036,0.2396656492680197,27.082417828628035,23.96656492680197,2024,5,Q2,May
2024-05-15,AAPL,0.07023856595327005,0.06788158245701834,7.023856595327005,6.788158245701833,2024,5,Q2,May
2024-05-15,GOOGL,0.24817304114738414,0.2216809151010848,24.817304114738413,22.168091510108482,2024,5,Q2,May
2024-05-15,MSFT,0.29304312446081693,0.256998451484758,29.304312446081692,25.6998451484758,2024,5,Q2,May
2024-05-16,AAPL,0.07091543107901965,0.06851382576995589,7.091543107901965,6.851382576995589,2024,5,Q2,May
2024-05-16,GOOGL,0.2602559426534057,0.23131482942547127,26.02559426534057,23.131482942547127,2024,5,Q2,May
2024-05-16,MSFT,0.28665549044881455,0.2520462085912266,28.665549044881455,25.204620859122663,2024,5,Q2,May
2024-05-17,AAPL,0.07108469064934964,0.06867186457580411,7.1084690649349636,6.867186457580411,2024,5,Q2,May
2024-05-17,GOOGL,0.27385857244699463,0.24205054034968326,27.385857244699462,24.205054034968327,2024,5,Q2,May
2024-05-17,MSFT,0.2842716950609625,0.25019178339830617,28.42716950609625,25.019178339830617,2024,5,Q2,May
2024-05-20,AAPL,0.077684774958797,0.07481501317446741,7.7684774958797,7.4815013174467415,2024,5,Q2,May
2024-05-20,GOOGL,0.28008099881643145,0.24692335625474798,28.008099881643144,24.692335625474797,2024,5,Q2,May
2024-05-20,MSFT,0.29995040741606815,0.26232611559834584,29.995040741606815,26.232611559834584,2024,5,Q2,May
2024-05-21,AAPL,0.0850747949816415,0.08164892008343234,8.50747949816415,8.164892008343234,2024,5,Q2,May
2024-05-21,GOOGL,0.28680989011734037,0.25216620217643515,28.680989011734038,25.216620217643516,2024,5,Q2,May
2024-05-21,MSFT,0.3112584202898059,0.2709873022824365,31.12584202898059,27.09873022824365,2024,5,Q2,May
2024-05-22,AAPL,0.07689501240097063,0.07408191190077094,7.689501240097063,7.408191190077094,2024,5,Q2,May
2024-05-22,GOOGL,0.2761739042276581,0.24386646421582317,27.61739042276581,24.386646421582316,2024,5,Q2,May
2024-05-22,MSFT,0.31578190785720484,0.27443109565670426,31.578190785720484,27.443109565670426,2024,5,Q2,May
2024-05-23,AAPL,0.054217606510373884,0.05279888659942152,5.421760651037388,5.279888659942152,2024,5,Q2,May
2024-05-23,GOOGL,0.2556977582701565,0.227691400768022,25.56977582701565,22.7691400768022,2024,5,Q2,May
2024-05-23,MSFT,0.30502376264243725,0.266221249530284,30.502376264243726,26.622124953028397,2024,5,Q2,May
2024-05-24,AAPL,0.07170519363684602,0.06925101889176459,7.170519363684602,6.925101889176459,2024,5,Q2,May
2024-05-24,GOOGL,0.266116640118758,0.23595445227324702,26.611664011875803,23.595445227324703,2024,5,Q2,May
2024-05-24,MSFT,0.3146815135641552,0.27359444128753313,31.468151356415518,27.359444128753314,2024,5,Q2,May
2024-05-28,AAPL,0.07176172893066979,0.06930377015490911,7.176172893066979,6.930377015490912,2024,5,Q2,May
2024-05-28,GOOGL,0.276318529090662,0.24397978471877216,27.6318529090662,24.397978471877217,2024,5,Q2,May
2024-05-28,MSFT,0.31517056723447734,0.27396636614180936,31.517056723447734,27.396636614180935,2024,5,Q2,May
2024-05-29,AAPL,0.07345397832282896,0.07088146673568257,7.345397832282896,7.088146673568257,2024,5,Q2,May
2024-05-29,GOOGL,0.27270090655666324,0.24114134032539586,27.270090655666323,24.114134032539585,2024,5,Q2,May
2024-05-29,MSFT,0.3116559705592514,0.271290438575315,31.165597055925144,27.1290438575315,2024,5,Q2,May
2024-05-30,AAPL,0.07909495392633459,0.07612268418936266,7.909495392633459,7.612268418936266,2024,5,Q2,May
2024-05-30,GOOGL,0.2452789875859387,0.21935959122746942,24.52789875859387,21.935959122746944,2024,5,Q2,May
2024-05-30,MSFT,0.2673399886053789,0.2369202067825863,26.733998860537888,23.69202067825863,2024,5,Q2,May
2024-05-31,AAPL,0.08451056755461317,0.08112879540938968,8.451056755461316,8.112879540938968,2024,5,Q2,May
2024-05-31,GOOGL,0.24810056196930708,0.22162284520201056,24.81005619693071,22.162284520201055,2024,5,Q2,May
2024-05-31,MSFT,0.26874595907049104,0.238028978833817,26.874595907049105,23.8028978833817,2024,5,Q2,May
2024-06-03,AAPL,0.09455177251998781,0.09034493930151322,9.45517725199878,9.03449393015132,2024,6,Q2,June
2024-06-03,GOOGL,0.25294832957171476,0.22549943769071468,25.294832957171476,22.54994376907147,2024,6,Q2,June
2024-06-03,MSFT,0.26382529779085173,0.23414307239920137,26.382529779085175,23.414307239920138,2024,6,Q2,June
2024-06-04,AAPL,0.09635700592200913,0.09199287081588788,9.635700592200912,9.199287081588787,2024,6,Q2,June
2024-06-04,GOOGL,0.25743414594127034,0.229073252587665,25.743414594127035,22.9073252587665,2024,6,Q2,June
2024-06-04,MSFT,0.27161871398936355,0.24029066682995787,27.161871398936356,24.029066682995786,2024,6,Q2,June
2024-06-05,AAPL,0.10493149662602241,0.09978333904440768,10.493149662602242,9.978333904440769,2024,6,Q2,June
2024-06-05,GOOGL,0.26915565203635783,0.23835183844951963,26.915565203635783,23.835183844951963,2024,6,Q2,June
2024-06-05,MSFT,0.29588566066396793,0.2591943692417254,29.588566066396794,25.91943692417254,2024,6,Q2,June
2024-06-06,AAPL,0.09709040634158228,0.09266159024157673,9.709040634158228,9.266159024157673,2024,6,Q2,June
2024-06-06,GOOGL,0.27870611772063514,0.24584872115187084,27.870611772063512,24.584872115187085,2024,6,Q2,June
2024-06-06,MSFT,0.2974441367972074,0.2603962806394802,29.744413679720736,26.039628063948022,2024,6,Q2,June
2024-06-07,AAPL,0.11068554281717558,0.1049774308256579,11.068554281717557,10.49774308256579,2024,6,Q2,June
2024-06-07,GOOGL,0.2622820247080615,0.23292121356442813,26.22820247080615,23.292121356442813,2024,6,Q2,June
2024-06-07,MSFT,0.2953964187150433,0.25881676314578467,29.53964187150433,25.881676314578467,2024,6,Q2,June
2024-06-10,AAPL,0.08941848904968697,0.08564405759658295,8.941848904968698,8.564405759658294,2024,6,Q2,June
2024-06-10,GOOGL,0.26771462813234703,0.23721577400802035,26.771462813234702,23.721577400802037,2024,6,Q2,June
2024-06-10,MSFT,0.3076826330687261,0.26825658832574967,30.768263306872612,26.825658832574966,2024,6,Q2,June
2024-06-11,AAPL,0.1685637446692998,0.1557754260713534,16.856374466929978,15.577542607135339,2024,6,Q2,June
2024-06-11,GOOGL,0.2793769947753839,0.24637323661178875,27.93769947753839,24.637323661178876,2024,6,Q2,June
2024-06-11,MSFT,0.3223832380831877,0.2794355920686541,32.23832380831877,27.94355920686541,2024,6,Q2,June
2024-06-12,AAPL,0.20195939380659111,0.18395305335152773,20.195939380659112,18.395305335152774,2024,6,Q2,June
2024-06-12,GOOGL,0.2878518338843925,0.2529755852609938,28.78518338843925,25.29755852609938,2024,6,Q2,June
2024-06-12,MSFT,0.34799477639844834,0.2986181374072719,34.79947763984483,29.86181374072719,2024,6,Q2,June
2024-06-13,AAPL,0.20855947811603848,0.18942913643027393,20.855947811603848,18.942913643027392,2024,6,Q2,June
2024-06-13,GOOGL,0.2688012599815879,0.23807256494775525,26.88012599815879,23.807256494775526,2024,6,Q2,June
2024-06-13,MSFT,0.3495840360832172,0.29979642355134095,34.95840360832172,29.979642355134096,2024,6,Q2,June
2024-06-14,AAPL,0.19868744614320866,0.18122716328311458,19.868744614320867,18.12271632831146,2024,6,Q2,June
2024-06-14,GOOGL,0.28060836265201194,0.24733524834206785,28.060836265201196,24.733524834206786,2024,6,Q2,June
2024-06-14,MSFT,0.35260976736672367,0.30203588731163583,35.26097673667237,30.203588731163585,2024,6,Q2,June
2024-06-17,AAPL,0.22226751202370876,0.20070775006774486,22.226751202370878,20.070775006774486,2024,6,Q2,June
2024-06-17,GOOGL,0.28386803587096665,0.24987742418454764,28.386803587096665,24.987742418454765,2024,6,Q2,June
2024-06-17,MSFT,0.3703360095253907,0.3150559721954136,37.03360095253907,31.505597219541357,2024,6,Q2,June
2024-06-18,AAPL,0.20884154854066028,0.1896625031102673,20.88415485406603,18.96625031102673,2024,6,Q2,June
2024-06-18,GOOGL,0.26829423922819773,0.23767287896013867,26.82942392281977,23.767287896013865,2024,6,Q2,June
2024-06-18,MSFT,0.36413185301164774,0.31051822118019856,36.41318530116477,31.051822118019857,2024,6,Q2,June
2024-06-20,AAPL,0.18283583284842808,0.16791480347171817,18.28358328484281,16.791480347171817,2024,6,Q2,June
2024-06-20,GOOGL,0.27705899504951526,0.2445597741426707,27.705899504951525,24.455977414267068,2024,6,Q2,June
2024-06-20,MSFT,0.362175920748264,0.3090833629314089,36.2175920748264,30.90833629314089,2024,6,Q2,June
2024-06-21,AAPL,0.17048178892561272,0.15741544945582747,17.04817889256127,15.741544945582747,2024,6,Q2,June
2024-06-21,GOOGL,0.3011804434725207,0.2632718858949234,30.11804434725207,26.32718858949234,2024,6,Q2,June
2024-06-21,MSFT,0.3746454243216035,0.3181958246428664,37.46454243216035,31.81958246428664,2024,6,Q2,June
2024-06-24,AAPL,0.1741485312901232,0.16054323068616572,17.41485312901232,16.054323068616572,2024,6,Q2,June
2024-06-24,GOOGL,0.29821057580149124,0.260986836095751,29.821057580149123,26.0986836095751,2024,6,Q2,June
2024-06-24,MSFT,0.368196693903049,0.31349359095757623,36.819669390304895,31.349359095757624,2024,6,Q2,June
2024-06-25,AAPL,0.17939488534807158,0.16500149791899602,17.939488534807158,16.500149791899602,2024,6,Q2,June
2024-06-25,GOOGL,0.3330526062100636,0.28747150494154716,33.30526062100636,28.747150494154717,2024,6,Q2,June
2024-06-25,MSFT,0.3782211174033818,0.3207936222756085,37.82211174033818,32.07936222756085,2024,6,Q2,June
2024-06-26,AAPL,0.20297469149521574,0.18479739894515398,20.297469149521575,18.479739894515397,2024,6,Q2,June
2024-06-26,GOOGL,0.331965974360823,0.28665602701776793,33.1965974360823,28.665602701776795,2024,6,Q2,June
2024-06-26,MSFT,0.3819192857161682,0.3234733196718595,38.19192857161682,32.34733196718595,2024,6,Q2,June
2024-06-27,AAPL,0.20776980213599772,0.18877552020784252,20.77698021359977,18.877552020784254,2024,6,Q2,June
2024-06-27,GOOGL,0.34304884107239264,0.29494228402234407,34.30488410723926,29.494228402234405,2024,6,Q2,June
2024-06-27,MSFT,0.3840281002048844,0.3249981606056081,38.402810020488445,32.49981606056081,2024,6,Q2,June
2024-06-28,AAPL,0.1881384624668443,0.17238776504694076,18.813846246684427,17.238776504694076,2024,6,Q2,June
2024-06-28,GOOGL,0.31943441340277734,0.27720317008190276,31.943441340277733,27.720317008190275,2024,6,Q2,June
2024-06-28,MSFT,0.3659960935955524,0.31188390140479644,36.59960935955524,31.188390140479644,2024,6,Q2,June
2024-07-01,AAPL,0.22271884201866077,0.20107693822237982,22.271884201866076,20.107693822237984,2024,7,Q3,July
2024-07-01,GOOGL,0.32551921826537433,0.28180424552178657,32.55192182653743,28.180424552178657,2024,7,Q3,July
2024-07-01,MSFT,0.3958863572947977,0.3335295950772512,39.58863572947977,33.352959507725124,2024,7,Q3,July
2024-07-02,AAPL,0.24257563024082662,0.2171863465452941,24.257563024082664,21.71863465452941,2024,7,Q3,July
2024-07-02,GOOGL,0.34181736203138136,0.2940249354215473,34.181736203138136,29.40249354215473,2024,7,Q3,July
2024-07-02,MSFT,0.40367986763261077,0.339097265097672,40.36798676326108,33.909726509767204,2024,7,Q3,July
2024-07-03,AAPL,0.24979630411555553,0.22298058132776602,24.979630411555554,22.298058132776603,2024,7,Q3,July
2024-07-03,GOOGL,0.34601870874342233,0.2971511306381401,34.60187087434223,29.71511306381401,2024,7,Q3,July
2024-07-03,MSFT,0.4082336680550325,0.34233620139188975,40.82336680550325,34.23362013918897,2024,7,Q3,July
2024-07-05,AAPL,0.2768174040741973,0.24437057863099748,27.68174040741973,24.43705786309975,2024,7,Q3,July
2024-07-05,GOOGL,0.38064352394653,0.32254971217532347,38.064352394653,32.25497121753234,2024,7,Q3,July
2024-07-05,MSFT,0.4289855473579045,0.3569647850812631,42.89855473579045,35.69647850812631,2024,7,Q3,July
2024-07-08,AAPL,0.285166359647413,0.2508881727282345,28.516635964741297,25.088817272823448,2024,7,Q3,July
2024-07-08,GOOGL,0.3692708516870351,0.3142783731120511,36.92708516870351,31.42783731120511,2024,7,Q3,July
2024-07-08,MSFT,0.4249514900180327,0.35413777104856003,42.49514900180327,35.413777104856,2024,7,Q3,July
2024-07-09,AAPL,0.2900176592708774,0.2546559076371504,29.001765927087742,25.465590763715042,2024,7,Q3,July
2024-07-09,GOOGL,0.36890878928979953,0.31401391829401987,36.89087892897995,31.401391829401987,2024,7,Q3,July
2024-07-09,MSFT,0.404474497474995,0.3396632096721352,40.4474497474995,33.96632096721352,2024,7,Q3,July
2024-07-10,AAPL,0.3142745036993415,0.27328480516932185,31.42745036993415,27.328480516932185,2024,7,Q3,July
2024-07-10,GOOGL,0.38484464832980403,0.3255879660771838,38.4844648329804,32.558796607718385,2024,7,Q3,July
2024-07-10,MSFT,0.42498199115165813,0.3541591758524464,42.49819911516581,35.415917585244635,2024,7,Q3,July
2024-07-11,AAPL,0.28375600752430463,0.24979016191807707,28.375600752430465,24.979016191807705,2024,7,Q3,July
2024-07-11,GOOGL,0.3442078409353271,0.2958048736979473,34.42078409353271,29.580487369794728,2024,7,Q3,July
2024-07-11,MSFT,0.3896822949203558,0.32907515621218497,38.968229492035576,32.907515621218494,2024,7,Q3,July
2024-07-12,AAPL,0.30051010765341823,0.2627565780050989,30.05101076534182,26.27565780050989,2024,7,Q3,July
2024-07-12,GOOGL,0.3405861053191368,0.2931069103640169,34.05861053191368,29.310691036401693,2024,7,Q3,July
2024-07-12,MSFT,0.38616741582722613,0.32654268411324383,38.61674158272261,32.65426841132438,2024,7,Q3,July
2024-07-15,AAPL,0.3222850267096822,0.2793613208454088,32.22850267096822,27.936132084540883,2024,7,Q3,July
2024-07-15,GOOGL,0.3511616177841659,0.30096468008680327,35.11616177841659,30.096468008680326,2024,7,Q3,July
2024-07-15,MSFT,0.3874204099277043,0.32744620277891073,38.742040992770434,32.74462027789107,2024,7,Q3,July
2024-07-16,AAPL,0.32465440096094644,0.2811515959528272,32.465440096094646,28.11515959528272,2024,7,Q3,July
2024-07-16,GOOGL,0.33225566874436496,0.2868734972011761,33.225566874436495,28.68734972011761,2024,7,Q3,July
2024-07-16,MSFT,0.3738507944792191,0.31761759582152843,37.38507944792191,31.761759582152845,2024,7,Q3,July
2024-07-17,AAPL,0.2911460275471487,0.25553021743308685,29.11460275471487,25.553021743308683,2024,7,Q3,July
2024-07-17,GOOGL,0.31124904634854356,0.27098015344386817,31.124904634854357,27.098015344386816,2024,7,Q3,July
2024-07-17,MSFT,0.35551321169782435,0.3041801366430011,35.55132116978243,30.41801366430011,2024,7,Q3,July
2024-07-18,AAPL,0.2646325331439263,0.23478159234651755,26.46325331439263,23.478159234651756,2024,7,Q3,July
2024-07-18,GOOGL,0.2871277090899218,0.2524131537531122,28.71277090899218,25.241315375311217,2024,7,Q3,July
2024-07-18,MSFT,0.3458858677704306,0.29705243399468617,34.58858677704306,29.705243399468618,2024,7,Q3,July
2024-07-19,AAPL,0.2653657604079289,0.23536121904934956,26.53657604079289,23.536121904934955,2024,7,Q3,July
2024-07-19,GOOGL,0.28691049388445733,0.2522443798742092,28.691049388445734,25.224437987420924,2024,7,Q3,July
2024-07-19,MSFT,0.33592244653734893,0.28962202443055546,33.592244653734895,28.962202443055546,2024,7,Q3,July
2024-07-22,AAPL,0.2633914405911484,0.2337997245593605,26.339144059114837,23.37997245593605,2024,7,Q3,July
2024-07-22,GOOGL,0.31595752497835816,0.2745645565299376,31.595752497835818,27.45645565299376,2024,7,Q3,July
2024-07-22,MSFT,0.353740662793399,0.3028716220190823,35.3740662793399,30.28716220190823,2024,7,Q3,July
2024-07-23,AAPL,0.269314573197061,0.23847704863266792,26.931457319706098,23.84770486326679,2024,7,Q3,July
2024-07-23,GOOGL,0.3168268304577506,0.2752249262325976,31.68268304577506,27.522492623259758,2024,7,Q3,July
2024-07-23,MSFT,0.3595780525892258,0.3071743961596829,35.95780525892258,30.71743961596829,2024,7,Q3,July
2024-07-24,AAPL,0.23281632254450257,0.20930124515716056,23.28163225445026,20.930124515716056,2024,7,Q3,July
2024-07-24,GOOGL,0.2504746997088707,0.22352323899081683,25.04746997088707,22.352323899081682,2024,7,Q3,July
2024-07-24,MSFT,0.3108306513046386,0.270661021231502,31.08306513046386,27.0661021231502,2024,7,Q3,July
2024-07-25,AAPL,0.22689336309416075,0.20448525330828254,22.689336309416074,20.448525330828254,2024,7,Q3,July
2024-07-25,GOOGL,0.2117211281361826,0.1920417688749499,21.17211281361826,19.204176887494988,2024,7,Q3,July
2024-07-25,MSFT,0.2787398814371982,0.24587512539780637,27.87398814371982,24.587512539780636,2024,7,Q3,July
2024-07-26,AAPL,0.22954463461447627,0.20664388507696332,22.954463461447627,20.664388507696334,2024,7,Q3,July
2024-07-26,GOOGL,0.2096928227938557,0.1903664619197359,20.96928227938557,19.036646191973592,2024,7,Q3,July
2024-07-26,MSFT,0.29973633464488203,0.262161424392897,29.973633464488202,26.2161424392897,2024,7,Q3,July
2024-07-29,AAPL,0.23112415973012923,0.2079277029855168,23.112415973012922,20.79277029855168,2024,7,Q3,July
2024-07-29,GOOGL,0.22801949423095658,0.20540270437985705,22.801949423095657,20.540270437985704,2024,7,Q3,July
2024-07-29,MSFT,0.3041986316664276,0.265588776801769,30.419863166642756,26.558877680176902,2024,7,Q3,July
2024-07-30,AAPL,0.23428312338364954,0.2104903346479775,23.428312338364954,21.049033464797752,2024,7,Q3,July
2024-07-30,GOOGL,0.2335244656689357,0.2098754911391258,23.35244656689357,20.98754911391258,2024,7,Q3,July
2024-07-30,MSFT,0.29255425906909793,0.2566203064567206,29.255425906909792,25.66203064567206,2024,7,Q3,July
2024-07-31,AAPL,0.25278618135431663,0.22537001598468834,25.278618135431664,22.537001598468834,2024,7,Q3,July
2024-07-31,GOOGL,0.24257913820256194,0.21718916967871157,24.257913820256192,21.718916967871156,2024,7,Q3,July
2024-07-31,MSFT,0.2785869992118659,0.24575556131182938,27.85869992118659,24.57555613118294,2024,7,Q3,July
2024-08-01,AAPL,0.23180102485587883,0.20847734626906123,23.180102485587884,20.847734626906124,2024,8,Q3,August
2024-08-01,GOOGL,0.23692909724404498,0.21263177345235101,23.692909724404497,21.2631773452351,2024,8,Q3,August
2024-08-01,MSFT,0.2747972333589017,0.24278713330367002,27.47972333589017,24.278713330367,2024,8,Q3,August
2024-08-02,AAPL,0.24026270470560074,0.21532321581162206,24.026270470560075,21.532321581162208,2024,8,Q3,August
2024-08-02,GOOGL,0.20722997587621617,0.18832845907459875,20.722997587621617,18.832845907459873,2024,8,Q3,August
2024-08-02,MSFT,0.24845225574711027,0.2219045887146118,24.845225574711026,22.19045887146118,2024,8,Q3,August
2024-08-05,AAPL,0.18052299389098758,0.16595755544859817,18.052299389098756,16.595755544859816,2024,8,Q3,August
2024-08-05,GOOGL,0.15355447560591995,0.1428480238762472,15.355447560591994,14.28480238762472,2024,8,Q3,August
2024-08-05,MSFT,0.2076817481592943,0.18870261129213256,20.76817481592943,18.870261129213254,2024,8,Q3,August
2024-08-06,AAPL,0.1690150746642518,0.15616157775687284,16.90150746642518,15.616157775687284,2024,8,Q3,August
2024-08-06,GOOGL,0.14660047642831397,0.13680145700602564,14.660047642831397,13.680145700602564,2024,8,Q3,August
2024-08-06,MSFT,0.22131274243223586,0.19992629863940106,22.131274243223586,19.992629863940106,2024,8,Q3,August
2024-08-07,AAPL,0.18362568198404006,0.16858233950388388,18.362568198404006,16.85823395038839,2024,8,Q3,August
2024-08-07,GOOGL,0.15130895505812858,0.14089951688153604,15.130895505812859,14.089951688153604,2024,8,Q3,August
2024-08-07,MSFT,0.21770635993822962,0.19696905642777865,21.770635993822964,19.696905642777864,2024,8,Q3,August
2024-08-08,AAPL,0.20331321063587593,0.18507876107359558,20.331321063587595,18.507876107359557,2024,8,Q3,August
2024-08-08,GOOGL,0.17369190368673237,0.16015425398881966,17.369190368673237,16.015425398881966,2024,8,Q3,August
2024-08-08,MSFT,0.23072601358844325,0.20760425020234508,23.072601358844324,20.760425020234507,2024,8,Q3,August
2024-08-09,AAPL,0.2198417756341915,0.1987211582312942,21.98417756341915,19.87211582312942,2024,8,Q3,August
2024-08-09,GOOGL,0.18557137437085025,0.17022483084415765,18.557137437085025,17.022483084415764,2024,8,Q3,August
2024-08-09,MSFT,0.24090331931410858,0.2158395977195981,24.09033193141086,21.583959771959808,2024,8,Q3,August
2024-08-12,AAPL,0.22853929337116585,0.20582589730370546,22.853929337116586,20.582589730370547,2024,8,Q3,August
2024-08-12,GOOGL,0.17557513950852122,0.16175750827243696,17.557513950852123,16.175750827243697,2024,8,Q3,August
2024-08-12,MSFT,0.24331770997488733,0.2177833792048213,24.331770997488732,21.77833792048213,2024,8,Q3,August
2024-08-13,AAPL,0.24966158908157432,0.22287278592582857,24.966158908157432,22.287278592582858,2024,8,Q3,August
2024-08-13,GOOGL,0.18912085313773042,0.17321425521598618,18.91208531377304,17.32142552159862,2024,8,Q3,August
2024-08-13,MSFT,0.2653228657961415,0.23532731949225186,26.53228657961415,23.532731949225187,2024,8,Q3,August
2024-08-14,AAPL,0.25220307997008473,0.22490446397313596,25.220307997008472,22.490446397313598,2024,8,Q3,August
2024-08-14,GOOGL,0.16166725231769297,0.14985625969147562,16.1667252317693,14.985625969147561,2024,8,Q3,August
2024-08-14,MSFT,0.27403319878944354,0.24218761551487925,27.403319878944355,24.218761551487926,2024,8,Q3,August
2024-08-15,AAPL,0.26914609282679947,0.23834430647694804,26.914609282679947,23.834430647694806,2024,8,Q3,August
2024-08-15,GOOGL,0.16840392512545077,0.15563865092793805,16.840392512545076,15.563865092793804,2024,8,Q3,August
2024-08-15,MSFT,0.2890970873676728,0.2539420410335052,28.909708736767282,25.39420410335052,2024,8,Q3,August
2024-08-16,AAPL,0.27665740832689845,0.24424526253488324,27.665740832689846,24.424526253488324,2024,8,Q3,August
2024-08-16,GOOGL,0.1804284653301067,0.1658774787824215,18.04284653301067,16.58774787824215,2024,8,Q3,August
2024-08-16,MSFT,0.28125895500103715,0.24784315314925853,28.125895500103717,24.784315314925852,2024,8,Q3,August
2024-08-19,AAPL,0.2757538825591419,0.2435372843115282,27.57538825591419,24.35372843115282,2024,8,Q3,August
2024-08-19,GOOGL,0.20730234388990976,0.1883884027855385,20.730234388990976,18.83884027855385,2024,8,Q3,August
2024-08-19,MSFT,0.29062798068562734,0.25512890665466814,29.062798068562735,25.512890665466813,2024,8,Q3,August
2024-08-20,AAPL,0.27925534793144746,0.24627814921529187,27.925534793144745,24.627814921529186,2024,8,Q3,August
2024-08-20,GOOGL,0.2109966698485608,0.19144371464856227,21.09966698485608,19.144371464856228,2024,8,Q3,August
2024-08-20,MSFT,0.300640071937488,0.2628565063254237,30.0640071937488,26.285650632542367,2024,8,Q3,August
2024-08-21,AAPL,0.27863406574388305,0.245792371998763,27.863406574388307,24.5792371998763,2024,8,Q3,August
2024-08-21,GOOGL,0.20136260854785082,0.18345641971656718,20.136260854785082,18.34564197165672,2024,8,Q3,August
2024-08-21,MSFT,0.2986193718348009,0.2613016784573447,29.86193718348009,26.13016784573447,2024,8,Q3,August
2024-08-22,AAPL,0.2680729611775714,0.23749839472051062,26.80729611775714,23.74983947205106,2024,8,Q3,August
2024-08-22,GOOGL,0.18651304786393652,0.17101879376868662,18.651304786393652,17.101879376868663,2024,8,Q3,August
2024-08-22,MSFT,0.2723186396946269,0.24084093645189744,27.231863969462687,24.084093645189743,2024,8,Q3,August
2024-08-23,AAPL,0.2811191079163551,0.24773399901088503,28.11191079163551,24.773399901088503,2024,8,Q3,August
2024-08-23,GOOGL,0.19969658793152667,0.1820686814332811,19.969658793152668,18.20686814332811,2024,8,Q3,August
2024-08-23,MSFT,0.27611527771658695,0.24382052387998915,27.611527771658693,24.382052387998915,2024,8,Q3,August
2024-08-26,AAPL,0.2830392300395159,0.24923166197002472,28.303923003951592,24.923166197002473,2024,8,Q3,August
2024-08-26,GOOGL,0.20360824026002566,0.18532391209463886,20.360824026002568,18.532391209463885,2024,8,Q3,August
2024-08-26,MSFT,0.26601130650664473,0.2358712545720289,26.601130650664473,23.58712545720289,2024,8,Q3,August
2024-08-27,AAPL,0.28783988165855945,0.2529663044718658,28.783988165855945,25.29663044718658,2024,8,Q3,August
2024-08-27,GOOGL,0.19288754711007505,0.17637687807789473,19.288754711007506,17.637687807789472,2024,8,Q3,August
2024-08-27,MSFT,0.26708298831279387,0.23671739904622477,26.708298831279386,23.671739904622477,2024,8,Q3,August
2024-08-28,AAPL,0.2791424504993705,0.24618989286030327,27.914245049937048,24.618989286030327,2024,8,Q3,August
2024-08-28,GOOGL,0.1796317501931748,0.1652023136642126,17.96317501931748,16.52023136642126,2024,8,Q3,August
2024-08-28,MSFT,0.25716287115831604,0.22885749254169133,25.716287115831605,22.885749254169134,2024,8,Q3,August
2024-08-29,AAPL,0.2977797040373069,0.260654884338081,29.77797040373069,26.0654884338081,2024,8,Q3,August
2024-08-29,GOOGL,0.17188092471425365,0.15861008592002163,17.188092471425364,15.861008592002163,2024,8,Q3,August
2024-08-29,MSFT,0.26487843415464196,0.2349760180791359,26.487843415464198,23.49760180791359,2024,8,Q3,August
2024-08-30,AAPL,0.29331809102563544,0.25721107960816697,29.331809102563543,25.721107960816695,2024,8,Q3,August
2024-08-30,GOOGL,0.18347081217921324,0.16845148737729937,18.347081217921325,16.845148737729936,2024,8,Q3,August
2024-08-30,MSFT,0.2771868653834346,0.24465989789035375,27.718686538343462,24.465989789035376,2024,8,Q3,August
2024-09-03,AAPL,0.2581331387988244,0.22962898638161433,25.813313879882436,22.962898638161434,2024,9,Q3,September
2024-09-03,GOOGL,0.13986402594932335,0.13090897980946845,13.986402594932335,13.090897980946844,2024,9,Q3,September
2024-09-03,MSFT,0.25361118359837276,0.2260283332055639,25.361118359837278,22.60283332055639,2024,9,Q3,September
2024-09-04,AAPL,0.24728953091896466,0.2209728217197399,24.728953091896464,22.09728217197399,2024,9,Q3,September
2024-09-04,GOOGL,0.13327208916895295,0.12510910252527757,13.327208916895295,12.510910252527758,2024,9,Q3,September
2024-09-04,MSFT,0.25195790918871097,0.22470865325392314,25.195790918871097,22.470865325392314,2024,9,Q3,September
2024-09-05,AAPL,0.25593051336211525,0.22787674275931255,25.593051336211524,22.787674275931256,2024,9,Q3,September
2024-09-05,GOOGL,0.1389947204699309,0.13014604922158154,13.89947204699309,13.014604922158155,2024,9,Q3,September
2024-09-05,MSFT,0.2503964205978295,0.22346063751532985,25.039642059782953,22.346063751532984,2024,9,Q3,September
2024-09-06,AAPL,0.2471200981930639,0.22083697175814254,24.71200981930639,22.083697175814255,2024,9,Q3,September
2024-09-06,GOOGL,0.09321455937717626,0.08912249311076724,9.321455937717626,8.912249311076724,2024,9,Q3,September
2024-09-06,MSFT,0.2299132148609051,0.20694360987140775,22.99132148609051,20.694360987140776,2024,9,Q3,September
2024-09-09,AAPL,0.24762848294855133,0.2212445356837162,24.762848294855132,22.124453568371617,2024,9,Q3,September
2024-09-09,GOOGL,0.07863557280283229,0.07569688391008679,7.863557280283229,7.569688391008679,2024,9,Q3,September
2024-09-09,MSFT,0.24222155195039652,0.21690135081577308,24.22215519503965,21.690135081577306,2024,9,Q3,September
2024-09-10,AAPL,0.24311016148748532,0.21761643409431342,24.311016148748532,21.761643409431343,2024,9,Q3,September
2024-09-10,GOOGL,0.07827295458367911,0.07536064505900397,7.827295458367911,7.536064505900397,2024,9,Q3,September
2024-09-10,MSFT,0.26818535953117095,0.23758702792696024,26.818535953117095,23.758702792696024,2024,9,Q3,September
2024-09-11,AAPL,0.25751185661125997,0.22913505166401354,25.751185661125998,22.913505166401354,2024,9,Q3,September
2024-09-11,GOOGL,0.09640608882901258,0.09203763890518164,9.640608882901258,9.203763890518164,2024,9,Q3,September
2024-09-11,MSFT,0.29525135005171976,0.25870476902197964,29.525135005171975,25.870476902197964,2024,9,Q3,September
2024-09-12,AAPL,0.25813313879882416,0.22962898638161405,25.813313879882415,22.962898638161406,2024,9,Q3,September
2024-09-12,GOOGL,0.12201024779986169,0.11512194057025732,12.20102477998617,11.512194057025733,2024,9,Q3,September
2024-09-12,MSFT,0.3073759272250478,0.26802201931858366,30.73759272250478,26.802201931858367,2024,9,Q3,September
2024-09-13,AAPL,0.2566082442657178,0.22841622173688617,25.660824426571782,22.841622173688616,2024,9,Q3,September
2024-09-13,GOOGL,0.14210187615464975,0.13287031579669784,14.210187615464974,13.287031579669783,2024,9,Q3,September
2024-09-13,MSFT,0.3183676320463733,0.27639432893599103,31.83676320463733,27.639432893599103,2024,9,Q3,September
2024-09-16,AAPL,0.2217056221968845,0.20024793336284177,22.17056221968845,20.024793336284176,2024,9,Q3,September
2024-09-16,GOOGL,0.1464537394420231,0.1366734731271657,14.645373944202312,13.667347312716572,2024,9,Q3,September
2024-09-16,MSFT,0.32066397202330554,0.2781346192401699,32.066397202330556,27.81346192401699,2024,9,Q3,September
2024-09-17,AAPL,0.22435992393968673,0.2024181963705662,22.435992393968675,20.241819637056622,2024,9,Q3,September
2024-09-17,GOOGL,0.1555928969071505,0.14461354292018883,15.559289690715051,14.461354292018882,2024,9,Q3,September
2024-09-17,MSFT,0.33232943182412944,0.28692886272864,33.232943182412946,28.692886272863998,2024,9,Q3,September
2024-09-18,AAPL,0.2463859185734225,0.22024809839194978,24.638591857342252,22.02480983919498,2024,9,Q3,September
2024-09-18,GOOGL,0.15914704457814,0.1476844282497744,15.914704457814,14.76844282497744,2024,9,Q3,September
2024-09-18,MSFT,0.3190412928865707,0.2769051794517977,31.904129288657067,27.69051794517977,2024,9,Q3,September
2024-09-19,AAPL,0.29258391140599405,0.2566432470772526,29.258391140599404,25.66432470772526,2024,9,Q3,September
2024-09-19,GOOGL,0.17604714348109218,0.16215893666705872,17.60471434810922,16.21589366670587,2024,9,Q3,September
2024-09-19,MSFT,0.34316806614151973,0.29503105203574154,34.31680661415197,29.503105203574155,2024,9,Q3,September
2024-09-20,AAPL,0.28879994272014,0.2537115084362894,28.879994272014,25.371150843628943,2024,9,Q3,September
2024-09-20,GOOGL,0.1865644058091389,0.1710620776026217,18.65644058091389,17.106207760262173,2024,9,Q3,September
2024-09-20,MSFT,0.3326967633778535,0.2872045309803904,33.26967633778535,28.72045309803904,2024,9,Q3,September
2024-09-23,AAPL,0.2790294664895083,0.2461015610252256,27.90294664895083,24.61015610252256,2024,9,Q3,September
2024-09-23,GOOGL,0.1739436910154828,0.1603687568957303,17.39436910154828,16.03687568957303,2024,9,Q3,September
2024-09-23,MSFT,0.3273081356313865,0.28315293309057765,32.73081356313865,28.315293309057765,2024,9,Q3,September
2024-09-24,AAPL,0.2841123616887442,0.25006771054245314,28.41123616887442,25.006771054245313,2024,9,Q3,September
2024-09-24,GOOGL,0.17713499813855194,0.16308351850517105,17.713499813855194,16.308351850517106,2024,9,Q3,September
2024-09-24,MSFT,0.314020090833129,0.2730912097728735,31.402009083312898,27.30912097728735,2024,9,Q3,September
2024-09-25,AAPL,0.2784646330179825,0.24565985249434907,27.846463301798252,24.565985249434906,2024,9,Q3,September
2024-09-25,GOOGL,0.17133255081018217,0.15814203303469024,17.133255081018216,15.814203303469023,2024,9,Q3,September
2024-09-25,MSFT,0.32302150254609163,0.27991813787004766,32.30215025460916,27.991813787004766,2024,9,Q3,September
2024-09-26,AAPL,0.28495952531824775,0.2507272200443042,28.495952531824777,25.07272200443042,2024,9,Q3,September
2024-09-26,GOOGL,0.18032641642600455,0.1657910243140183,18.032641642600456,16.57910243140183,2024,9,Q3,September
2024-09-26,MSFT,0.3205720920652244,0.27806504578600755,32.057209206522444,27.806504578600755,2024,9,Q3,September
2024-09-27,AAPL,0.2864843332735689,0.2519131748758244,28.64843332735689,25.191317487582438,2024,9,Q3,September
2024-09-27,GOOGL,0.18917554601443953,0.17326024853854907,18.917554601443953,17.326024853854907,2024,9,Q3,September
2024-09-27,MSFT,0.3104989044068114,0.2704079077693842,31.04989044068114,27.040790776938422,2024,9,Q3,September
2024-09-30,AAPL,0.31590883255311186,0.27452755432797193,31.590883255311187,27.452755432797193,2024,9,Q3,September
2024-09-30,GOOGL,0.20295681697239965,0.18478254023221707,20.295681697239964,18.47825402322171,2024,9,Q3,September
2024-09-30,MSFT,0.317479710156388,0.27572060105398866,31.747971015638797,27.572060105398865,2024,9,Q3,September
2024-10-01,AAPL,0.277561107250226,0.24495287541571054,27.756110725022598,24.495287541571052,2024,10,Q4,October
2024-10-01,GOOGL,0.21122566847868263,0.1916327960777771,21.122566847868264,19.16327960777771,2024,10,Q4,October
2024-10-01,MSFT,0.2880561891130533,0.2531342518183894,28.80561891130533,25.313425181838937,2024,10,Q4,October
2024-10-02,AAPL,0.2807803290423394,0.24746952424571395,28.07803290423394,24.746952424571393,2024,10,Q4,October
2024-10-02,GOOGL,0.20302940731486063,0.18484288167702673,20.302940731486064,18.484288167702672,2024,10,Q4,October
2024-10-02,MSFT,0.2771563642498094,0.24463601610870972,27.71563642498094,24.46360161087097,2024,10,Q4,October
2024-10-03,AAPL,0.2745113181840133,0.2425628252842144,27.45113181840133,24.25628252842144,2024,10,Q4,October
2024-10-03,GOOGL,0.20302940731486063,0.18484288167702673,20.302940731486064,18.484288167702672,2024,10,Q4,October
2024-10-03,MSFT,0.2753498310576097,0.2432205182759077,27.53498310576097,24.32205182759077,2024,10,Q4,October
2024-10-04,AAPL,0.2808932264744164,0.24755766774230187,28.08932264744164,24.755766774230185,2024,10,Q4,October
2024-10-04,GOOGL,0.21173335621837408,0.19205186032273247,21.17333562183741,19.205186032273247,2024,10,Q4,October
2024-10-04,MSFT,0.27388012828550834,0.24206746189545034,27.388012828550835,24.206746189545033,2024,10,Q4,October
2024-10-07,AAPL,0.25203364724418464,0.22476914711245888,25.203364724418464,22.47691471124589,2024,10,Q4,October
2024-10-07,GOOGL,0.18213995217930523,0.1673263148338131,18.213995217930524,16.73263148338131,2024,10,Q4,October
2024-10-07,MSFT,0.2539174187455444,0.2262725857723404,25.39174187455444,22.62725857723404,2024,10,Q4,October
2024-10-08,AAPL,0.27507615165553934,0.24300590361547236,27.507615165553933,24.300590361547236,2024,10,Q4,October
2024-10-08,GOOGL,0.19229448512381508,0.17587958940938428,19.22944851238151,17.587958940938428,2024,10,Q4,October
2024-10-08,MSFT,0.2697466598434497,0.2388174001334023,26.97466598434497,23.88174001334023,2024,10,Q4,October
2024-10-09,AAPL,0.29636788009184833,0.2595664157455564,29.636788009184833,25.95664157455564,2024,10,Q4,October
2024-10-09,GOOGL,0.17401617019356008,0.16043049490011252,17.40161701935601,16.043049490011253,2024,10,Q4,October
2024-10-09,MSFT,0.2781665730922007,0.24542668634475492,27.816657309220073,24.542668634475493,2024,10,Q4,October
2024-10-10,AAPL,0.2935439724675748,0.2573857170159364,29.35439724675748,25.73857170159364,2024,10,Q4,October
2024-10-10,GOOGL,0.17561193491947824,0.16178880770527201,17.561193491947826,16.1788807705272,2024,10,Q4,October
2024-10-10,MSFT,0.27320656158461265,0.24153857002908732,27.320656158461265,24.153857002908733,2024,10,Q4,October
2024-10-11,AAPL,0.2851290446219341,0.2508591371353449,28.51290446219341,25.08591371353449,2024,10,Q4,October
2024-10-11,GOOGL,0.1840257447819158,0.16892028012906346,18.402574478191582,16.892028012906344,2024,10,Q4,October
2024-10-11,MSFT,0.27467617021741253,0.2426921622077485,27.467617021741255,24.26921622077485,2024,10,Q4,October
2024-10-14,AAPL,0.30630778904838096,0.26720467617221694,30.630778904838095,26.720467617221694,2024,10,Q4,October
2024-10-14,GOOGL,0.19650139005503386,0.1794017901332997,19.650139005503387,17.94017901332997,2024,10,Q4,October
2024-10-14,MSFT,0.2833104386552536,0.24944301946355485,28.331043865525363,24.944301946355484,2024,10,Q4,October
2024-10-15,AAPL,0.3207093975943702,0.27816901465854554,32.070939759437024,27.816901465854553,2024,10,Q4,October
2024-10-15,GOOGL,0.20012812806848412,0.1824283244844849,20.012812806848412,18.24283244844849,2024,10,Q4,October
2024-10-15,MSFT,0.28208578048447075,0.2484882677143519,28.208578048447073,24.84882677143519,2024,10,Q4,October
2024-10-16,AAPL,0.30901862608500696,0.2692777160740488,30.901862608500696,26.927771607404882,2024,10,Q4,October
2024-10-16,GOOGL,0.19795208526041397,0.18061350328440812,19.795208526041396,18.061350328440813,2024,10,Q4,October
2024-10-16,MSFT,0.2740638882016717,0.24221170361763325,27.406388820167173,24.221170361763324,2024,10,Q4,October
2024-10-17,AAPL,0.31110826751185394,0.2708727852861549,31.110826751185392,27.08727852861549,2024,10,Q4,October
2024-10-17,GOOGL,0.18177722279576836,0.16701942642822631,18.177722279576834,16.70194264282263,2024,10,Q4,October
2024-10-17,MSFT,0.2759009225274969,0.2436525349858951,27.590092252749688,24.36525349858951,2024,10,Q4,October
2024-10-18,AAPL,0.3272041167390649,0.2830745617119683,32.72041167390649,28.307456171196833,2024,10,Q4,October
2024-10-18,GOOGL,0.18533137046675785,0.17002237302049913,18.533137046675783,17.002237302049913,2024,10,Q4,October
2024-10-18,MSFT,0.28031003084380024,0.24710226019975134,28.031003084380025,24.710226019975135,2024,10,Q4,October
2024-10-21,AAPL,0.3355626824464526,0.2893526880309847,33.55626824464526,28.935268803098467,2024,10,Q4,October
2024-10-21,GOOGL,0.19004607430205134,0.1739920242748026,19.004607430205134,17.399202427480258,2024,10,Q4,October
2024-10-21,MSFT,0.28220816157617756,0.24858371784180597,28.220816157617755,24.858371784180598,2024,10,Q4,October
2024-10-22,AAPL,0.33206113049636166,0.2867274648311462,33.206113049636166,28.67274648311462,2024,10,Q4,October
2024-10-22,GOOGL,0.19780701573987614,0.18049239801914624,19.780701573987614,18.049239801914624,2024,10,Q4,October
2024-10-22,MSFT,0.3089375099552305,0.2692157470221738,30.89375099552305,26.92157470221738,2024,10,Q4,October
2024-10-23,AAPL,0.3032579999821683,0.2648672831334576,30.32579999821683,26.486728313345758,2024,10,Q4,October
2024-10-23,GOOGL,0.18068936813830883,0.1660984781798808,18.06893681383088,16.60984781798808,2024,10,Q4,October
2024-10-23,MSFT,0.3000276957824457,0.2623855686885895,30.00276957824457,26.238556868858947,2024,10,Q4,October
2024-10-24,AAPL,0.3021849549107256,0.2640435881605187,30.21849549107256,26.40435881605187,2024,10,Q4,October
2024-10-24,GOOGL,0.1802539372479277,0.16572961638271286,18.02539372479277,16.572961638271284,2024,10,Q4,October
2024-10-24,MSFT,0.3004257167483977,0.2626916852812899,30.04257167483977,26.26916852812899,2024,10,Q4,October
2024-10-25,AAPL,0.30692907123594537,0.2676801647960856,30.692907123594537,26.76801647960856,2024,10,Q4,October
2024-10-25,GOOGL,0.1987499120411813,0.1812792738400596,19.874991204118132,18.12792738400596,2024,10,Q4,October
2024-10-25,MSFT,0.3108969253727627,0.2707115787865489,31.08969253727627,27.07115787865489,2024,10,Q4,October
2024-10-28,AAPL,0.31816782012807443,0.2762427573585871,31.816782012807444,27.62427573585871,2024,10,Q4,October
2024-10-28,GOOGL,0.20926717436922804,0.19001453511687802,20.926717436922804,19.001453511687803,2024,10,Q4,October
2024-10-28,MSFT,0.3061206737813378,0.2670614261119582,30.61206737813378,26.706142611195823,2024,10,Q4,October
2024-10-29,AAPL,0.319692714661181,0.2773989175746841,31.969271466118098,27.73989175746841,2024,10,Q4,October
2024-10-29,GOOGL,0.23073679642255196,0.2076130115243237,23.073679642255197,20.76130115243237,2024,10,Q4,October
2024-10-29,MSFT,0.32253169576135843,0.2795478510123554,32.253169576135846,27.95478510123554,2024,10,Q4,October
2024-10-30,AAPL,0.29953056659013844,0.26200309663126686,29.953056659013843,26.200309663126685,2024,10,Q4,October
2024-10-30,GOOGL,0.2654075225160677,0.23539422248622427,26.54075225160677,23.539422248622426,2024,10,Q4,October
2024-10-30,MSFT,0.3243074454020287,0.28088964007650774,32.43074454020287,28.088964007650773,2024,10,Q4,October
2024-10-31,AAPL,0.27586669341343417,0.24362570721846588,27.586669341343416,24.362570721846588,2024,10,Q4,October
2024-10-31,GOOGL,0.24110910039444433,0.21600541564957546,24.110910039444434,21.600541564957545,2024,10,Q4,October
2024-10-31,MSFT,0.24415046623430303,0.21845294056724726,24.415046623430303,21.845294056724725,2024,10,Q4,October
2024-11-01,AAPL,0.25892376713450505,0.23025720289894291,25.892376713450503,23.02572028989429,2024,11,Q4,November
2024-11-01,GOOGL,0.2424146149149029,0.21705675623687212,24.24146149149029,21.705675623687213,2024,11,Q4,November
2024-11-01,MSFT,0.25645861504519196,0.22829714076604224,25.645861504519196,22.829714076604223,2024,11,Q4,November
2024-11-04,AAPL,0.25384087193526916,0.22621153777534173,25.384087193526916,22.621153777534172,2024,11,Q4,November
2024-11-04,GOOGL,0.22754548929948304,0.2050166384923399,22.754548929948303,20.50166384923399,2024,11,Q4,November
2024-11-04,MSFT,0.25061058750831666,0.2236319020582251,25.061058750831666,22.363190205822512,2024,11,Q4,November
2024-11-05,AAPL,0.26197346962293233,0.23267674141225322,26.19734696229323,23.26767414122532,2024,11,Q4,November
2024-11-05,GOOGL,0.23117211614854982,0.20796665558346164,23.11721161485498,20.796665558346163,2024,11,Q4,November
2024-11-05,MSFT,0.25979594741604517,0.23094976135343456,25.979594741604515,23.094976135343455,2024,11,Q4,November
2024-11-06,AAPL,0.25785072206306237,0.2294044883303012,25.785072206306236,22.940448833030118,2024,11,Q4,November
2024-11-06,GOOGL,0.2802767592958715,0.2470762727596389,28.027675929587147,24.70762727596389,2024,11,Q4,November
2024-11-06,MSFT,0.2864947005221714,0.2519212334324375,28.64947005221714,25.19212334324375,2024,11,Q4,November
2024-11-07,AAPL,0.2847336438763095,0.25055141583138985,28.47336438763095,25.055141583138983,2024,11,Q4,November
2024-11-07,GOOGL,0.311030830663628,0.2708137214109391,31.103083066362803,27.08137214109391,2024,11,Q4,November
2024-11-07,MSFT,0.3025688920820935,0.2643383854401877,30.256889208209348,26.433838544018766,2024,11,Q4,November
2024-11-08,AAPL,0.28320710436528174,0.2493624945590506,28.320710436528174,24.93624945590506,2024,11,Q4,November
2024-11-08,GOOGL,0.2936229328566011,0.257446757058533,29.36229328566011,25.744675705853297,2024,11,Q4,November
2024-11-08,MSFT,0.2937204567337648,0.2575221423959429,29.37204567337648,25.75221423959429,2024,11,Q4,November
2024-11-11,AAPL,0.2677719302179624,0.23726097407854194,26.777193021796243,23.726097407854194,2024,11,Q4,November
2024-11-11,GOOGL,0.3081294402528676,0.2685982085767178,30.81294402528676,26.859820857671778,2024,11,Q4,November
2024-11-11,MSFT,0.2798506310533917,0.2467433766326561,27.98506310533917,24.67433766326561,2024,11,Q4,November
2024-11-12,AAPL,0.2677719302179624,0.23726097407854194,26.777193021796243,23.726097407854194,2024,11,Q4,November
2024-11-12,GOOGL,0.3173409657316886,0.27561528502538973,31.734096573168856,27.561528502538973,2024,11,Q4,November
2024-11-12,MSFT,0.2952206606394914,0.25868107495224774,29.522066063949136,25.868107495224773,2024,11,Q4,November
2024-11-13,AAPL,0.27280383110163586,0.2412222080161945,27.280383110163587,24.122220801619452,2024,11,Q4,November
2024-11-13,GOOGL,0.2974672195686663,0.26041407143715267,29.74672195686663,26.04140714371527,2024,11,Q4,November
2024-11-13,MSFT,0.30186473010827064,0.2637976444629701,30.186473010827065,26.37976444629701,2024,11,Q4,November
2024-11-14,AAPL,0.290330984276006,0.25489876242148435,29.0330984276006,25.489876242148434,2024,11,Q4,November
2024-11-14,GOOGL,0.2735313045018126,0.24179359660507252,27.35313045018126,24.179359660507252,2024,11,Q4,November
2024-11-14,MSFT,0.30703919094425025,0.26776441961276837,30.703919094425025,26.776441961276838,2024,11,Q4,November
2024-11-15,AAPL,0.2721254941535356,0.24068911897719214,27.21254941535356,24.068911897719214,2024,11,Q4,November
2024-11-15,GOOGL,0.2511186749827998,0.2240380910804239,25.111867498279985,22.403809108042392,2024,11,Q4,November
2024-11-15,MSFT,0.27063467587273626,0.2395165204213458,27.063467587273628,23.95165204213458,2024,11,Q4,November
2024-11-18,AAPL,0.2892002783995302,0.2540220869066306,28.920027839953022,25.40220869066306,2024,11,Q4,November
2024-11-18,GOOGL,0.2715003312142805,0.24019756637098258,27.150033121428052,24.019756637098258,2024,11,Q4,November
2024-11-18,MSFT,0.27296170526189667,0.2413462368461952,27.296170526189666,24.13462368461952,2024,11,Q4,November
2024-11-19,AAPL,0.29067019603894884,0.25516161527678954,29.067019603894884,25.516161527678953,2024,11,Q4,November
2024-11-19,GOOGL,0.291954577788222,0.25615624823174116,29.1954577788222,25.615624823174116,2024,11,Q4,November
2024-11-19,MSFT,0.2791770643524958,0.2462169526962056,27.917706435249578,24.62169526962056,2024,11,Q4,November
2024-11-20,AAPL,0.2947409969276178,0.2583106727758615,29.47409969276178,25.83106727758615,2024,11,Q4,November
2024-11-20,GOOGL,0.27643247258380566,0.2440690558565713,27.643247258380566,24.406905585657128,2024,11,Q4,November
2024-11-20,MSFT,0.27213487977846307,0.2406964968580302,27.213487977846306,24.06964968580302,2024,11,Q4,November
2024-11-21,AAPL,0.29202721624629047,0.2562124703446469,29.202721624629046,25.621247034464687,2024,11,Q4,November
2024-11-21,GOOGL,0.21586778197151557,0.19545804570091074,21.586778197151556,19.545804570091075,2024,11,Q4,November
2024-11-21,MSFT,0.26664335777566084,0.23637037613885856,26.664335777566084,23.637037613885855,2024,11,Q4,November
2024-11-22,AAPL,0.2996599138014291,0.2621026254748612,29.96599138014291,26.210262547486117,2024,11,Q4,November
2024-11-22,GOOGL,0.19505069484965376,0.17818860695199584,19.505069484965375,17.818860695199586,2024,11,Q4,November
2024-11-22,MSFT,0.2793137546180029,0.24632380495819023,27.93137546180029,24.632380495819024,2024,11,Q4,November
2024-11-25,AAPL,0.3166215408819908,0.27506901690973967,31.66215408819908,27.50690169097397,2024,11,Q4,November
2024-11-25,GOOGL,0.21601262916328645,0.1955771693151139,21.601262916328643,19.55771693151139,2024,11,Q4,November
2024-11-25,MSFT,0.28480537076010637,0.2506072444320917,28.480537076010638,25.06072444320917,2024,11,Q4,November
2024-11-26,AAPL,0.3290035494294694,0.284429450479586,32.90035494294694,28.442945047958602,2024,11,Q4,November
2024-11-26,GOOGL,0.2266750721762547,0.20430731580685166,22.66750721762547,20.430731580685165,2024,11,Q4,November
2024-11-26,MSFT,0.3130300278012177,0.2723374646716573,31.30300278012177,27.23374646716573,2024,11,Q4,November
2024-11-27,AAPL,0.32826850403197483,0.2838762173883149,32.82685040319748,28.38762173883149,2024,11,Q4,November
2024-11-27,GOOGL,0.22747289895702205,0.2049575022000585,22.747289895702206,20.495750220005853,2024,11,Q4,November
2024-11-27,MSFT,0.2976904993487435,0.2605861455881768,29.769049934874346,26.058614558817677,2024,11,Q4,November
2024-11-29,AAPL,0.34183792690532355,0.29404026143903084,34.18379269053236,29.404026143903085,2024,11,Q4,November
2024-11-29,GOOGL,0.22544192566948995,0.20330153458858022,22.544192566948993,20.33015345885802,2024,11,Q4,November
2024-11-29,MSFT,0.29913252516625866,0.26169675339789195,29.913252516625867,26.169675339789194,2024,11,Q4,November
2024-12-02,AAPL,0.35461568250956876,0.3035177849570795,35.46156825095687,30.351778495707947,2024,12,Q4,December
2024-12-02,GOOGL,0.24386531012028279,0.2182237168477042,24.38653101202828,21.82237168477042,2024,12,Q4,December
2024-12-02,MSFT,0.32220305546047423,0.2792993268059683,32.22030554604742,27.92993268059683,2024,12,Q4,December
2024-12-03,AAPL,0.37191660793085846,0.3162087460649252,37.191660793085845,31.62087460649252,2024,12,Q4,December
2024-12-03,GOOGL,0.24277723313405608,0.21734857935870572,24.27772331340561,21.734857935870572,2024,12,Q4,December
2024-12-03,MSFT,0.3228780342508897,0.2798096921083344,32.28780342508897,27.98096921083344,2024,12,Q4,December
2024-12-04,AAPL,0.37395196508630035,0.31769123328096527,37.395196508630036,31.769123328096526,2024,12,Q4,December
2024-12-04,GOOGL,0.26475465409145493,0.23487815403406062,26.475465409145492,23.487815403406064,2024,12,Q4,December
2024-12-04,MSFT,0.34196035304497263,0.294131494927517,34.196035304497265,29.4131494927517,2024,12,Q4,December
2024-12-05,AAPL,0.37412165754555704,0.3178147324900657,37.4121657545557,31.78147324900657,2024,12,Q4,December
2024-12-05,GOOGL,0.2522065296402596,0.2249072188501039,25.22065296402596,22.49072188501039,2024,12,Q4,December
2024-12-05,MSFT,0.3579133873241047,0.30594924751789376,35.79133873241047,30.594924751789378,2024,12,Q4,December
2024-12-06,AAPL,0.37299086509129586,0.3169914735162815,37.29908650912959,31.69914735162815,2024,12,Q4,December
2024-12-06,GOOGL,0.2672209471049847,0.23682627216945124,26.722094710498467,23.682627216945125,2024,12,Q4,December
2024-12-06,MSFT,0.3608278459534593,0.3080932248189138,36.08278459534593,30.809322481891382,2024,12,Q4,December
2024-12-09,AAPL,0.39509755022096393,0.33296434130225444,39.50975502209639,33.29643413022544,2024,12,Q4,December
2024-12-09,GOOGL,0.27346582867989944,0.2417421824742324,27.346582867989945,24.17421824742324,2024,12,Q4,December
2024-12-09,MSFT,0.3683442101882066,0.3136014031851076,36.83442101882066,31.36014031851076,2024,12,Q4,December
2024-12-10,AAPL,0.40086458307991757,0.33708960535271,40.086458307991755,33.708960535271,2024,12,Q4,December
2024-12-10,GOOGL,0.344629598606532,0.2961185837560273,34.4629598606532,29.61185837560273,2024,12,Q4,December
2024-12-10,MSFT,0.36009148833858773,0.3075519683225759,36.009148833858774,30.755196832257592,2024,12,Q4,December
2024-12-11,AAPL,0.39362763258154554,0.33191015512097644,39.36276325815455,33.19101551209764,2024,12,Q4,December
2024-12-11,GOOGL,0.4189156425740468,0.3498929479076349,41.89156425740468,34.989294790763495,2024,12,Q4,December
2024-12-11,MSFT,0.37745595316230807,0.3202382856079623,37.745595316230805,32.02382856079623,2024,12,Q4,December
2024-12-12,AAPL,0.401938840240355,0.3378561644371632,40.1938840240355,33.78561644371632,2024,12,Q4,December
2024-12-12,GOOGL,0.3939357827812373,0.3321312444057988,39.393578278123734,33.213124440579875,2024,12,Q4,December
2024-12-12,MSFT,0.3792045906842001,0.3215069494340779,37.92045906842001,32.15069494340779,2024,12,Q4,December
2024-12-13,AAPL,0.40290002681314485,0.3385415418552432,40.29000268131448,33.85415418552432,2024,12,Q4,December
2024-12-13,GOOGL,0.37839600243983607,0.32092050608216244,37.839600243983604,32.09205060821624,2024,12,Q4,December
2024-12-13,MSFT,0.37217906876649964,0.31640003738080236,37.21790687664996,31.640003738080235,2024,12,Q4,December
2024-12-16,AAPL,0.41935266309372166,0.3502008966116056,41.93526630937217,35.02008966116056,2024,12,Q4,December
2024-12-16,GOOGL,0.4280652494912287,0.3563205557945312,42.806524949122874,35.63205557945312,2024,12,Q4,December
2024-12-16,MSFT,0.38543237616257264,0.32601227587464404,38.543237616257265,32.60122758746441,2024,12,Q4,December
2024-12-17,AAPL,0.43314822714236545,0.35987358183745577,43.31482271423654,35.98735818374558,2024,12,Q4,December
2024-12-17,GOOGL,0.41906082325896876,0.34999526072579695,41.906082325896875,34.9995260725797,2024,12,Q4,December
2024-12-17,MSFT,0.39423731915369453,0.3323475411439198,39.42373191536945,33.234754114391976,2024,12,Q4,December
2024-12-18,AAPL,0.4024476578847691,0.3382190371370122,40.24476578847691,33.82190371370122,2024,12,Q4,December
2024-12-18,GOOGL,0.3680843942213645,0.31341150897978887,36.80843942213645,31.341150897978885,2024,12,Q4,December
2024-12-18,MSFT,0.3418683789475896,0.2940629554590161,34.18683789475896,29.40629554590161,2024,12,Q4,December
2024-12-19,AAPL,0.41228531847682115,0.3452091855682099,41.22853184768211,34.52091855682099,2024,12,Q4,December
2024-12-19,GOOGL,0.3688831103172001,0.3139951594010559,36.88831103172001,31.399515940105587,2024,12,Q4,December
2024-12-19,MSFT,0.34076384252528213,0.29323948329173033,34.076384252528214,29.32394832917303,2024,12,Q4,December
2024-12-20,AAPL,0.43885863812971015,0.3638501868946865,43.88586381297102,36.38501868946865,2024,12,Q4,December
2024-12-20,GOOGL,0.38994186880890824,0.32926192526729225,38.99418688089082,32.926192526729224,2024,12,Q4,December
2024-12-20,MSFT,0.3394447626352821,0.2922551718512241,33.94447626352821,29.225517185122413,2024,12,Q4,December
2024-12-23,AAPL,0.4432687373591073,0.36691049762821065,44.32687373591073,36.691049762821066,2024,12,Q4,December
2024-12-23,GOOGL,0.41332429641004653,0.34594458650581905,41.33242964100465,34.594458650581906,2024,12,Q4,December
2024-12-23,MSFT,0.3353030099347081,0.2891582398314354,33.53030099347081,28.91582398314354,2024,12,Q4,December
2024-12-24,AAPL,0.45983461738290243,0.37832315353892365,45.983461738290245,37.83231535389236,2024,12,Q4,December
2024-12-24,GOOGL,0.4240713355188994,0.3535199069028292,42.40713355188994,35.35199069028292,2024,12,Q4,December
2024-12-24,MSFT,0.34782005385521075,0.29848851237403784,34.782005385521074,29.848851237403785,2024,12,Q4,December
2024-12-26,AAPL,0.4644706846320241,0.3814938697633634,46.44706846320241,38.149386976336345,2024,12,Q4,December
2024-12-26,GOOGL,0.4203680052451806,0.35091599666074047,42.03680052451806,35.091599666074046,2024,12,Q4,December
2024-12-26,MSFT,0.34407716937430055,0.2957076581418368,34.40771693743005,29.57076581418368,2024,12,Q4,December
2024-12-27,AAPL,0.44507786676146877,0.3681632071446978,44.50778667614688,36.81632071446978,2024,12,Q4,December
2024-12-27,GOOGL,0.399745011137004,0.33629008513049713,39.9745011137004,33.62900851304971,2024,12,Q4,December
2024-12-27,MSFT,0.32082250260671663,0.27825465058246435,32.082250260671664,27.825465058246436,2024,12,Q4,December
2024-12-30,AAPL,0.4259111900662085,0.35481104099672645,42.59111900662085,35.48110409967264,2024,12,Q4,December
2024-12-30,GOOGL,0.3887073883295409,0.32837337802987737,38.87073883295409,32.83733780298774,2024,12,Q4,December
2024-12-30,MSFT,0.3033353742733851,0.264926651266597,30.33353742733851,26.4926651266597,2024,12,Q4,December
2024-12-31,AAPL,0.4158473882988616,0.3477282128381104,41.584738829886156,34.77282128381104,2024,12,Q4,December
2024-12-31,GOOGL,0.374619970659273,0.3181773079420938,37.4619970659273,31.817730794209382,2024,12,Q4,December
2024-12-31,MSFT,0.29311937729488013,0.2570574213553934,29.311937729488015,25.70574213553934,2024,12,Q4,December
2025-01-02,AAPL,0.3787012760786408,0.3211419517615936,37.87012760786408,32.11419517615936,2025,1,Q1,January
2025-01-02,GOOGL,0.37556386744003034,0.3188637324674242,37.556386744003035,31.886373246742423,2025,1,Q1,January
2025-01-02,MSFT,0.2841610813819191,0.25010565018888253,28.41610813819191,25.010565018888254,2025,1,Q1,January
2025-01-03,AAPL,0.3759308735257043,0.31913050098591994,37.59308735257043,31.913050098591995,2025,1,Q1,January
2025-01-03,GOOGL,0.39270130230187017,0.3312452441679272,39.270130230187014,33.124524416792724,2025,1,Q1,January
2025-01-03,MSFT,0.29879503577105115,0.26143693907344295,29.879503577105115,26.143693907344296,2025,1,Q1,January
2025-01-06,AAPL,0.3852032677573034,0.3258468925942429,38.52032677573034,32.58468925942429,2025,1,Q1,January
2025-01-06,GOOGL,0.42959020250482305,0.35738783152735776,42.959020250482304,35.73878315273578,2025,1,Q1,January
2025-01-06,MSFT,0.31260056430862715,0.27201033297406724,31.260056430862715,27.201033297406724,2025,1,Q1,January
2025-01-07,AAPL,0.36942888184704126,0.31439377835947063,36.942888184704124,31.439377835947063,2025,1,Q1,January
2025-01-07,GOOGL,0.419569289149345,0.3503535081026507,41.9569289149345,35.03535081026507,2025,1,Q1,January
2025-01-07,MSFT,0.29578841476571127,0.259119324390041,29.578841476571128,25.911932439004097,2025,1,Q1,January
2025-01-08,AAPL,0.37219928439997796,0.31641476977617544,37.219928439997794,31.641476977617543,2025,1,Q1,January
2025-01-08,GOOGL,0.40838637449257664,0.3424446337934111,40.83863744925766,34.24446337934111,2025,1,Q1,January
2025-01-08,MSFT,0.30250713670043194,0.2642909738629509,30.250713670043194,26.42909738629509,2025,1,Q1,January
2025-01-10,AAPL,0.3391241462239969,0.29201577803779,33.91241462239969,29.201577803779,2025,1,Q1,January
2025-01-10,GOOGL,0.3945166166853076,0.3325478438877061,39.45166166853076,33.25478438877061,2025,1,Q1,January
2025-01-10,MSFT,0.28529621307715325,0.25098920779579775,28.529621307715324,25.098920779579775,2025,1,Q1,January
2025-01-13,AAPL,0.3252720468815291,0.2816177567643993,32.52720468815291,28.16177567643993,2025,1,Q1,January
2025-01-13,GOOGL,0.38703714346664175,0.3271699206905203,38.70371434666418,32.71699206905203,2025,1,Q1,January
2025-01-13,MSFT,0.2798967593110351,0.24677941789033805,27.98967593110351,24.677941789033806,2025,1,Q1,January
2025-01-14,AAPL,0.3189396610843378,0.27682812673302615,31.89396610843378,27.682812673302614,2025,1,Q1,January
2025-01-14,GOOGL,0.377234001138546,0.32007714077647514,37.7234001138546,32.00771407764751,2025,1,Q1,January
2025-01-14,MSFT,0.27523356902048723,0.24312935322151324,27.523356902048725,24.312935322151326,2025,1,Q1,January
2025-01-15,AAPL,0.34489100592737976,0.29631297328494743,34.48910059273798,29.631297328494743,2025,1,Q1,January
2025-01-15,GOOGL,0.4200048312041098,0.35066027386379667,42.00048312041098,35.066027386379666,2025,1,Q1,January
2025-01-15,MSFT,0.3078759010543215,0.26840437166412706,30.78759010543215,26.840437166412705,2025,1,Q1,January
2025-01-16,AAPL,0.2905571254513022,0.255074005334978,29.05571254513022,25.507400533497798,2025,1,Q1,January
2025-01-16,GOOGL,0.4008341997670666,0.3370679161454078,40.08341997670666,33.70679161454078,2025,1,Q1,January
2025-01-16,MSFT,0.3025684213855864,0.2643380240799596,30.25684213855864,26.43380240799596,2025,1,Q1,January
2025-01-17,AAPL,0.30028180203349186,0.2625810117710886,30.028180203349187,26.258101177108863,2025,1,Q1,January
2025-01-17,GOOGL,0.42327250825868035,0.3529588034148024,42.327250825868035,35.29588034148024,2025,1,Q1,January
2025-01-17,MSFT,0.3162205970013232,0.2747644457560077,31.622059700132322,27.476444575600773,2025,1,Q1,January
2025-01-21,AAPL,0.25878221245548305,0.23014475555177952,25.878221245548303,23.014475555177953,2025,1,Q1,January
2025-01-21,GOOGL,0.438158864353551,0.36336372910334386,43.8158864353551,36.33637291033438,2025,1,Q1,January
2025-01-21,MSFT,0.3145947171283434,0.2735284182239768,31.459471712834343,27.35284182239768,2025,1,Q1,January
2025-01-22,AAPL,0.2655104318872261,0.2354755442620122,26.551043188722613,23.54755442620122,2025,1,Q1,January
2025-01-22,GOOGL,0.44048253346298094,0.3649781501395206,44.0482533462981,36.497815013952064,2025,1,Q1,January
2025-01-22,MSFT,0.36889652546901,0.31400495942413653,36.889652546901,31.400495942413652,2025,1,Q1,January
2025-01-23,AAPL,0.26454933189222163,0.23471579933029674,26.454933189222164,23.471579933029673,2025,1,Q1,January
2025-01-23,GOOGL,0.43765050962755847,0.3630101905580656,43.76505096275585,36.30101905580656,2025,1,Q1,January
2025-01-23,MSFT,0.37046102651753343,0.3151471989375515,37.046102651753344,31.51471989375515,2025,1,Q1,January
2025-01-24,AAPL,0.2595737931468012,0.23077340433346624,25.957379314680118,23.077340433346624,2025,1,Q1,January
2025-01-24,GOOGL,0.4538439365442575,0.37421103947460815,45.38439365442575,37.421103947460814,2025,1,Q1,January
2025-01-24,MSFT,0.36233115645612823,0.30919731800925127,36.23311564561283,30.919731800925128,2025,1,Q1,January
2025-01-27,AAPL,0.2996033785076062,0.2620591244613247,29.96033785076062,26.20591244613247,2025,1,Q1,January
2025-01-27,GOOGL,0.3928464829867917,0.33134948268490383,39.28464829867917,33.13494826849038,2025,1,Q1,January
2025-01-27,MSFT,0.333186099466078,0.2875716409540061,33.3186099466078,28.75716409540061,2025,1,Q1,January
2025-01-28,AAPL,0.34709596896429296,0.29795114133745376,34.7095968964293,29.795114133745376,2025,1,Q1,January
2025-01-28,GOOGL,0.4181895168206722,0.3493810699697832,41.818951682067215,34.93810699697832,2025,1,Q1,January
2025-01-28,MSFT,0.3719644311595047,0.31624360415678326,37.19644311595047,31.624360415678325,2025,1,Q1,January
2025-01-29,AAPL,0.35331528417383673,0.30255734803923134,35.33152841738367,30.255734803923133,2025,1,Q1,January
2025-01-29,GOOGL,0.418988232916508,0.34994410562520506,41.8988232916508,34.99441056252051,2025,1,Q1,January
2025-01-29,MSFT,0.35702367678739333,0.3052938285910083,35.702367678739336,30.529382859100828,2025,1,Q1,January
2025-01-30,AAPL,0.3433079311225282,0.2951351772773404,34.33079311225282,29.51351772773404,2025,1,Q1,January
2025-01-30,GOOGL,0.4586364554480391,0.3775020647069456,45.86364554480391,37.75020647069456,2025,1,Q1,January
2025-01-30,MSFT,0.2731473479640858,0.24149206147399976,27.31473479640858,24.149206147399976,2025,1,Q1,January
2025-01-31,AAPL,0.33431829993783335,0.28842052468217866,33.43182999378334,28.842052468217865,2025,1,Q1,January
2025-01-31,GOOGL,0.48151063948756834,0.39306226957003426,48.151063948756835,39.306226957003425,2025,1,Q1,January
2025-01-31,MSFT,0.27336207971038107,0.24166070938432804,27.336207971038107,24.166070938432803,2025,1,Q1,January
2025-02-03,AAPL,0.2891435699501368,0.2539780986314136,28.91435699501368,25.397809863141358,2025,2,Q1,February
2025-02-03,GOOGL,0.4612505970916958,0.3792926424211288,46.12505970916958,37.92926424211288,2025,2,Q1,February
2025-02-03,MSFT,0.2606610875951123,0.23163625606532737,26.06610875951123,23.163625606532737,2025,2,Q1,February
2025-02-04,AAPL,0.3162258804030105,0.27476845981800674,31.622588040301046,27.476845981800675,2025,2,Q1,February
2025-02-04,GOOGL,0.4986479631850249,0.4045633437642363,49.86479631850249,40.456334376423634,2025,2,Q1,February
2025-02-04,MSFT,0.2651094520000634,0.23515864175676535,26.51094520000634,23.515864175676533,2025,2,Q1,February
2025-02-05,AAPL,0.3143600425512545,0.27334988751564054,31.43600425512545,27.334988751564055,2025,2,Q1,February
2025-02-05,GOOGL,0.3893610349048391,0.32884395433526514,38.93610349048391,32.884395433526514,2025,2,Q1,February
2025-02-05,MSFT,0.26793193653203495,0.2373871767604763,26.793193653203495,23.73871767604763,2025,2,Q1,February
2025-02-06,AAPL,0.318600449321395,0.2765709084534066,31.8600449321395,27.657090845340658,2025,2,Q1,February
2025-02-06,GOOGL,0.3913216411375817,0.33025411636096674,39.13216411375817,33.02541163609668,2025,2,Q1,February
2025-02-06,MSFT,0.2756937219253055,0.24349012627172364,27.56937219253055,24.349012627172364,2025,2,Q1,February
2025-02-07,AAPL,0.2869953153626179,0.25231028864047694,28.69953153626179,25.231028864047694,2025,2,Q1,February
2025-02-07,GOOGL,0.3458639679215172,0.29703616216390577,34.58639679215172,29.70361621639058,2025,2,Q1,February
2025-02-07,MSFT,0.25707155603604126,0.2287848540308771,25.707155603604125,22.87848540308771,2025,2,Q1,February
2025-02-10,AAPL,0.28852332669599634,0.25349685470736893,28.852332669599633,25.349685470736894,2025,2,Q1,February
2025-02-10,GOOGL,0.35406967805794154,0.30311463406552974,35.40696780579415,30.311463406552974,2025,2,Q1,February
2025-02-10,MSFT,0.26464920495594346,0.23479477538719495,26.464920495594345,23.479477538719497,2025,2,Q1,February
2025-02-11,AAPL,0.3166540941292777,0.27509374143675497,31.66540941292777,27.509374143675497,2025,2,Q1,February
2025-02-11,GOOGL,0.34571889840097936,0.296928367213586,34.57188984009794,29.6928367213586,2025,2,Q1,February
2025-02-11,MSFT,0.26225627805586416,0.23290081644692703,26.225627805586416,23.2900816446927,2025,2,Q1,February
2025-02-12,AAPL,0.3407095586290527,0.29319899518081616,34.07095586290527,29.319899518081616,2025,2,Q1,February
2025-02-12,GOOGL,0.33330150326484365,0.28765819961545913,33.330150326484365,28.765819961545912,2025,2,Q1,February
2025-02-12,MSFT,0.254893266742956,0.22705052254714014,25.489326674295597,22.705052254714015,2025,2,Q1,February
2025-02-13,AAPL,0.3670856540869485,0.31268121421846345,36.70856540869485,31.268121421846345,2025,2,Q1,February
2025-02-13,GOOGL,0.3516733074416676,0.3013433119143246,35.16733074416676,30.134331191432462,2025,2,Q1,February
2025-02-13,MSFT,0.25949517234834896,0.23071098381258967,25.949517234834897,23.071098381258967,2025,2,Q1,February
2025-02-14,AAPL,0.38446224849262123,0.32531179600729687,38.44622484926212,32.531179600729686,2025,2,Q1,February
2025-02-14,GOOGL,0.34506514066129834,0.2964424435994613,34.50651406612983,29.644244359946132,2025,2,Q1,February
2025-02-14,MSFT,0.2530218715721517,0.22555813112643391,25.302187157215172,22.555813112643392,2025,2,Q1,February
2025-02-18,AAPL,0.3837264238950586,0.32478016706001245,38.37264238950586,32.47801670600124,2025,2,Q1,February
2025-02-18,GOOGL,0.3344631710729835,0.2885290919342133,33.44631710729835,28.85290919342133,2025,2,Q1,February
2025-02-18,MSFT,0.256734066640834,0.22851634528525988,25.673406664083398,22.851634528525988,2025,2,Q1,February
2025-02-19,AAPL,0.38599043298157043,0.3264149981331866,38.59904329815704,32.64149981331866,2025,2,Q1,February
2025-02-19,GOOGL,0.3453557243599088,0.2966584571633748,34.53557243599088,29.66584571633748,2025,2,Q1,February
2025-02-19,MSFT,0.27247227503436955,0.24096168141293925,27.247227503436953,24.096168141293926,2025,2,Q1,February
2025-02-20,AAPL,0.3914242279447693,0.3303278469939876,39.14242279447693,33.03278469939876,2025,2,Q1,February
2025-02-20,GOOGL,0.3401999202506729,0.29281879705138886,34.01999202506729,29.281879705138884,2025,2,Q1,February
2025-02-20,MSFT,0.2792046471677807,0.24623851540138111,27.92046471677807,24.623851540138112,2025,2,Q1,February
2025-02-21,AAPL,0.38983933500642576,0.3291881541356716,38.98393350064258,32.91881541356716,2025,2,Q1,February
2025-02-21,GOOGL,0.3046180908695484,0.26591034726941504,30.461809086954837,26.591034726941505,2025,2,Q1,February
2025-02-21,MSFT,0.25485805864426525,0.2270224655055224,25.485805864426524,22.70224655055224,2025,2,Q1,February
2025-02-24,AAPL,0.39861252172778316,0.3354806892918669,39.861252172778315,33.54806892918669,2025,2,Q1,February
2025-02-24,GOOGL,0.3016407751848207,0.26362560340252456,30.164077518482067,26.362560340252454,2025,2,Q1,February
2025-02-24,MSFT,0.24191635233553876,0.21665563207699717,24.191635233553875,21.665563207699716,2025,2,Q1,February
2025-02-25,AAPL,0.39827287707591386,0.3352378158057497,39.82728770759139,33.52378158057497,2025,2,Q1,February
2025-02-25,GOOGL,0.27382889155658874,0.24202724008948392,27.382889155658873,24.202724008948394,2025,2,Q1,February
2025-02-25,MSFT,0.2231645566283662,0.2014413992714121,22.31645566283662,20.14413992714121,2025,2,Q1,February
2025-02-26,AAPL,0.3604634058644558,0.30782538131561993,36.04634058644558,30.782538131561992,2025,2,Q1,February
2025-02-26,GOOGL,0.2542951972428582,0.2265738190073232,25.42951972428582,22.65738190073232,2025,2,Q1,February
2025-02-26,MSFT,0.22879013299623852,0.20603005359081442,22.87901329962385,20.603005359081443,2025,2,Q1,February
2025-02-27,AAPL,0.34314343333039243,0.295012712531082,34.31434333303925,29.501271253108204,2025,2,Q1,February
2025-02-27,GOOGL,0.2235786994367428,0.20177992503320094,22.35786994367428,20.177992503320095,2025,2,Q1,February
2025-02-27,MSFT,0.20665704186449974,0.1878537607823717,20.66570418644997,18.78537607823717,2025,2,Q1,February
2025-02-28,AAPL,0.36884032606233474,0.31396390404903374,36.884032606233475,31.396390404903375,2025,2,Q1,February
2025-02-28,GOOGL,0.2365042269701041,0.2122882264693282,23.65042269701041,21.22882264693282,2025,2,Q1,February
2025-02-28,MSFT,0.2203672072898455,0.19915180303872881,22.036720728984548,19.91518030387288,2025,2,Q1,February
2025-03-03,AAPL,0.34727527155772275,0.2980842355384292,34.72752715577228,29.80842355384292,2025,3,Q1,March
2025-03-03,GOOGL,0.21275895882104545,0.19289789531115772,21.275895882104546,19.289789531115773,2025,3,Q1,March
2025-03-03,MSFT,0.19423780867806117,0.1775081648858694,19.423780867806116,17.750816488586942,2025,3,Q1,March
2025-03-04,AAPL,0.335389093986858,0.2892227055570431,33.5389093986858,28.92227055570431,2025,3,Q1,March
2025-03-04,GOOGL,0.24115178751773092,0.21603980939400247,24.115178751773094,21.603980939400248,2025,3,Q1,March
2025-03-04,MSFT,0.19460664646060621,0.17781696505465605,19.46066464606062,17.781696505465604,2025,3,Q1,March
2025-03-05,AAPL,0.33431371131521126,0.28841708574971964,33.431371131521125,28.841708574971964,2025,3,Q1,March
2025-03-05,GOOGL,0.2564010953249056,0.22825136047830083,25.640109532490563,22.82513604783008,2025,3,Q1,March
2025-03-05,MSFT,0.2327556569247542,0.209252034977726,23.275565692475418,20.9252034977726,2025,3,Q1,March
2025-03-06,AAPL,0.3319930803570903,0.2866763771775921,33.19930803570903,28.66763771775921,2025,3,Q1,March
2025-03-06,GOOGL,0.25153587491428,0.224371497011627,25.153587491428,22.4371497011627,2025,3,Q1,March
2025-03-06,MSFT,0.22005993661035905,0.1988999859075532,22.005993661035905,19.88999859075532,2025,3,Q1,March
2025-03-07,AAPL,0.3531618683382238,0.3024439786463768,35.316186833822385,30.24439786463768,2025,3,Q1,March
2025-03-07,GOOGL,0.26250090737928233,0.23309460088338183,26.250090737928232,23.30946008833818,2025,3,Q1,March
2025-03-07,MSFT,0.20905476986894578,0.18983887240056022,20.905476986894577,18.98388724005602,2025,3,Q1,March
2025-03-10,AAPL,0.28756118776756856,0.2527498769061645,28.756118776756857,25.274987690616452,2025,3,Q1,March
2025-03-10,GOOGL,0.20586787868453094,0.18719953897401215,20.586787868453094,18.719953897401215,2025,3,Q1,March
2025-03-10,MSFT,0.16863107146716771,0.15583303940972212,16.86310714671677,15.583303940972213,2025,3,Q1,March
2025-03-11,AAPL,0.24997803088697634,0.22312597586934144,24.997803088697633,22.312597586934142,2025,3,Q1,March
2025-03-11,GOOGL,0.19256383642516828,0.1761054739410262,19.256383642516827,17.61054739410262,2025,3,Q1,March
2025-03-11,MSFT,0.16952247651130214,0.15659552576404445,16.952247651130214,15.659552576404446,2025,3,Q1,March
2025-03-12,AAPL,0.22813004017988936,0.20549272003033436,22.813004017988938,20.549272003033437,2025,3,Q1,March
2025-03-12,GOOGL,0.2148826432044615,0.194647482172225,21.48826432044615,19.4647482172225,2025,3,Q1,March
2025-03-12,MSFT,0.17819129407272505,0.16398046090205506,17.819129407272506,16.398046090205508,2025,3,Q1,March
2025-03-13,AAPL,0.18681122501766034,0.1712700676116225,18.681122501766033,17.12700676116225,2025,3,Q1,March
2025-03-13,GOOGL,0.1832583770422438,0.1682719694683568,18.32583770422438,16.82719694683568,2025,3,Q1,March
2025-03-13,MSFT,0.16435799444126165,0.15216985738569944,16.435799444126165,15.216985738569944,2025,3,Q1,March
2025-03-14,AAPL,0.20837627952227233,0.1892775406805407,20.837627952227233,18.92775406805407,2025,3,Q1,March
2025-03-14,GOOGL,0.20310533258882968,0.18490599142124398,20.31053325888297,18.4905991421244,2025,3,Q1,March
2025-03-14,MSFT,0.19445301112086288,0.17768834931292066,19.445301112086288,17.768834931292066,2025,3,Q1,March
2025-03-17,AAPL,0.21126295604091383,0.19166358058743757,21.126295604091382,19.166358058743757,2025,3,Q1,March
2025-03-17,GOOGL,0.19438126293189306,0.17762827968835784,19.438126293189306,17.762827968835783,2025,3,Q1,March
2025-03-17,MSFT,0.19488341600646653,0.17804862079697997,19.488341600646653,17.804862079697998,2025,3,Q1,March
2025-03-18,AAPL,0.20384826134924894,0.18552331016463952,20.384826134924893,18.552331016463953,2025,3,Q1,March
2025-03-18,GOOGL,0.1680640956049284,0.15534775927446393,16.806409560492842,15.534775927446393,2025,3,Q1,March
2025-03-18,MSFT,0.17895975318934432,0.16463248457676757,17.895975318934433,16.46324845767676,2025,3,Q1,March
2025-03-19,AAPL,0.21828147078688565,0.19744123518999143,21.828147078688566,19.744123518999142,2025,3,Q1,March
2025-03-19,GOOGL,0.1914734249868868,0.1751907134782033,19.14734249868868,17.51907134782033,2025,3,Q1,March
2025-03-19,MSFT,0.19217832318323258,0.1757821574401295,19.217832318323257,17.57821574401295,2025,3,Q1,March
2025-03-20,AAPL,0.21182900160143459,0.19213078990570698,21.182900160143458,19.213078990570697,2025,3,Q1,March
2025-03-20,GOOGL,0.1835491830696212,0.1685177064127049,18.35491830696212,16.851770641270488,2025,3,Q1,March
2025-03-20,MSFT,0.18916558312330722,0.17325187052161126,18.91655831233072,17.325187052161127,2025,3,Q1,March
2025-03-21,AAPL,0.23543166428390716,0.2114204347460053,23.543166428390716,21.14204347460053,2025,3,Q1,March
2025-03-21,GOOGL,0.19220044005532988,0.17580070891562322,19.220044005532987,17.580070891562322,2025,3,Q1,March
2025-03-21,MSFT,0.20275299089974075,0.18461308831205686,20.275299089974077,18.461308831205685,2025,3,Q1,March
2025-03-24,AAPL,0.24935545003263226,0.222627778352304,24.935545003263226,22.2627778352304,2025,3,Q1,March
2025-03-24,GOOGL,0.21902651793020467,0.1980526041019029,21.902651793020468,19.80526041019029,2025,3,Q1,March
2025-03-24,MSFT,0.2083476895767824,0.18925388059701104,20.83476895767824,18.925388059701103,2025,3,Q1,March
2025-03-25,AAPL,0.2664490216580444,0.2362169382938134,26.64490216580444,23.62169382938134,2025,3,Q1,March
2025-03-25,GOOGL,0.2399639960794555,0.21508234377561494,23.996399607945552,21.508234377561493,2025,3,Q1,March
2025-03-25,MSFT,0.21474181920057522,0.19453155972723682,21.47418192005752,19.453155972723682,2025,3,Q1,March
2025-03-26,AAPL,0.2538835547834408,0.22624557887469127,25.38835547834408,22.624557887469127,2025,3,Q1,March
2025-03-26,GOOGL,0.19997916779452307,0.18230419647203364,19.997916779452307,18.230419647203362,2025,3,Q1,March
2025-03-26,MSFT,0.19878746697122485,0.18131060176042985,19.878746697122484,18.131060176042986,2025,3,Q1,March
2025-03-27,AAPL,0.26701506721856494,0.23666379331135626,26.701506721856493,23.666379331135627,2025,3,Q1,March
2025-03-27,GOOGL,0.1794780098507216,0.16507197607223137,17.94780098507216,16.507197607223137,2025,3,Q1,March
2025-03-27,MSFT,0.20066253357478048,0.18287351574889754,20.066253357478047,18.287351574889755,2025,3,Q1,March
2025-03-28,AAPL,0.23333734765665182,0.20972378583351461,23.33373476566518,20.97237858335146,2025,3,Q1,March
2025-03-28,GOOGL,0.12197267423822189,0.1150884522925394,12.19726742382219,11.508845229253941,2025,3,Q1,March
2025-03-28,MSFT,0.1644502509565482,0.15224908805273032,16.44502509565482,15.224908805273033,2025,3,Q1,March
2025-03-31,AAPL,0.2572796549909937,0.2289503829788713,25.72796549909937,22.89503829788713,2025,3,Q1,March
2025-03-31,GOOGL,0.12422630978601279,0.1170950744306618,12.42263097860128,11.70950744306618,2025,3,Q1,March
2025-03-31,MSFT,0.1539678397553268,0.1432062992013237,15.39678397553268,14.320629920132369,2025,3,Q1,March
2025-04-01,AAPL,0.2632794089369277,0.23371104529643522,26.32794089369277,23.37110452964352,2025,4,Q2,April
2025-04-01,GOOGL,0.14189233129165202,0.1326868259586738,14.189233129165203,13.268682595867379,2025,4,Q2,April
2025-04-01,MSFT,0.1748713774726145,0.16115867562353112,17.48713774726145,16.115867562353113,2025,4,Q2,April
2025-04-02,AAPL,0.2672414681272157,0.2368424657591496,26.72414681272157,23.684246575914962,2025,4,Q2,April
2025-04-02,GOOGL,0.14167411560673537,0.1324957076438315,14.167411560673537,13.24957076438315,2025,4,Q2,April
2025-04-02,MSFT,0.17471764799357015,0.16102781913961198,17.471764799357015,16.1027819139612,2025,4,Q2,April
2025-04-03,AAPL,0.15007713647784882,0.13982901532384545,15.007713647784882,13.982901532384545,2025,4,Q2,April
2025-04-03,GOOGL,0.095728097253718,0.09141907129995244,9.572809725371801,9.141907129995245,2025,4,Q2,April
2025-04-03,MSFT,0.1469588863546576,0.13711399300145435,14.69588863546576,13.711399300145436,2025,4,Q2,April
2025-04-04,AAPL,0.06625105289409605,0.06414880729720922,6.625105289409605,6.414880729720922,2025,4,Q2,April
2025-04-04,GOOGL,0.0585059262288703,0.05685841028175793,5.85059262288703,5.685841028175793,2025,4,Q2,April
2025-04-04,MSFT,0.10616635017033427,0.10090029881575943,10.616635017033428,10.090029881575942,2025,4,Q2,April
2025-04-07,AAPL,0.027083089652945702,0.026722832885984767,2.70830896529457,2.672283288598477,2025,4,Q2,April
2025-04-07,GOOGL,0.06686626602281831,0.06472562802837672,6.686626602281831,6.472562802837673,2025,4,Q2,April
2025-04-07,MSFT,0.10007967950463015,0.09538261309427117,10.007967950463016,9.538261309427117,2025,4,Q2,April
2025-04-08,AAPL,-0.02408438148007286,-0.024379152741120555,-2.408438148007286,-2.4379152741120556,2025,4,Q2,April
2025-04-08,GOOGL,0.05196290177726359,0.05065784922342988,5.196290177726359,5.065784922342988,2025,4,Q2,April
2025-04-08,MSFT,0.08993532253442438,0.08611835735615457,8.993532253442439,8.611835735615458,2025,4,Q2,April
2025-04-09,AAPL,0.1255123348669478,0.11823834075990013,12.55123348669478,11.823834075990012,2025,4,Q2,April
2025-04-09,GOOGL,0.15381504492097253,0.1430738822087263,15.381504492097253,14.30738822087263,2025,4,Q2,April
2025-04-09,MSFT,0.20038585816822074,0.18264305358184119,20.038585816822074,18.264305358184117,2025,4,Q2,April
2025-04-10,AAPL,0.07779758581309126,0.07491968659369751,7.779758581309126,7.491968659369751,2025,4,Q2,April
2025-04-10,GOOGL,0.11099496903349437,0.10525598232455233,11.099496903349436,10.525598232455232,2025,4,Q2,April
2025-04-10,MSFT,0.17228913643759403,0.15895836417357648,17.2289136437594,15.895836417357648,2025,4,Q2,April
2025-04-11,AAPL,0.12155018909887438,0.11471182573682424,12.155018909887438,11.471182573682425,2025,4,Q2,April
2025-04-11,GOOGL,0.14240124183956238,0.13313239964702653,14.240124183956237,13.313239964702653,2025,4,Q2,April
2025-04-11,MSFT,0.1941149568898466,0.1774052891381209,19.411495688984658,17.74052891381209,2025,4,Q2,April
2025-04-14,AAPL,0.14628494290238803,0.13652622866250674,14.628494290238802,13.652622866250674,2025,4,Q2,April
2025-04-14,GOOGL,0.15643229916736856,0.14533966156156364,15.643229916736857,14.533966156156364,2025,4,Q2,April
2025-04-14,MSFT,0.19214744549240148,0.17575625687634058,19.214744549240148,17.57562568763406,2025,4,Q2,April
2025-04-15,AAPL,0.14413400440352397,0.1346480228140015,14.413400440352397,13.464802281400152,2025,4,Q2,April
2025-04-15,GOOGL,0.13636712793586603,0.1278364440887263,13.636712793586604,12.783644408872629,2025,4,Q2,April
2025-04-15,MSFT,0.18575350414721115,0.170378440987052,18.575350414721115,17.0378440987052,2025,4,Q2,April
2025-04-16,AAPL,0.0995890412263547,0.09493651111374021,9.95890412263547,9.493651111374021,2025,4,Q2,April
2025-04-16,GOOGL,0.11470263471817188,0.10858767402253533,11.470263471817187,10.858767402253534,2025,4,Q2,April
2025-04-16,MSFT,0.14234784923703692,0.13308566138351835,14.234784923703693,13.308566138351836,2025,4,Q2,April
2025-04-17,AAPL,0.11492794087638147,0.10878977580696587,11.492794087638147,10.878977580696587,2025,4,Q2,April
2025-04-17,GOOGL,0.09892685239048538,0.09433411487197145,9.892685239048538,9.433411487197144,2025,4,Q2,April
2025-04-17,MSFT,0.13057422337900415,0.12272566593582564,13.057422337900416,12.272566593582564,2025,4,Q2,April
2025-04-21,AAPL,0.09330635107794572,0.08920645453128867,9.33063510779457,8.920645453128866,2025,4,Q2,April
2025-04-21,GOOGL,0.0735546934881135,0.07097528579350157,7.35546934881135,7.097528579350157,2025,4,Q2,April
2025-04-21,MSFT,0.10395294691785861,0.09889732640120483,10.39529469178586,9.889732640120483,2025,4,Q2,April
2025-04-22,AAPL,0.1305498633066684,0.12270411906674114,13.05498633066684,12.270411906674115,2025,4,Q2,April
2025-04-22,GOOGL,0.10118048793827605,0.09638277522112043,10.118048793827604,9.638277522112043,2025,4,Q2,April
2025-04-22,MSFT,0.1276232387007401,0.12011208903866548,12.76232387007401,12.011208903866548,2025,4,Q2,April
2025-04-23,AAPL,0.15805796330782007,0.1467444325680734,15.805796330782007,14.67444325680734,2025,4,Q2,April
2025-04-23,GOOGL,0.1293880056075769,0.12167589805462033,12.938800560757691,12.167589805462033,2025,4,Q2,April
2025-04-23,MSFT,0.15089372087094466,0.14053878913499332,15.089372087094466,14.053878913499332,2025,4,Q2,April
2025-04-24,AAPL,0.17939653032599545,0.16500289268235807,17.939653032599544,16.500289268235807,2025,4,Q2,April
2025-04-24,GOOGL,0.15795880848233224,0.1466588072593505,15.795880848233224,14.665880725935049,2025,4,Q2,April
2025-04-24,MSFT,0.1905796495683314,0.1744402890061005,19.05796495683314,17.44402890061005,2025,4,Q2,April
2025-04-25,AAPL,0.18454721593114853,0.1693606053090815,18.454721593114854,16.93606053090815,2025,4,Q2,April
2025-04-25,GOOGL,0.17744247882346342,0.16334469545914088,17.744247882346343,16.33446954591409,2025,4,Q2,April
2025-04-25,MSFT,0.20456667867883915,0.18611989951389285,20.456667867883915,18.611989951389283,2025,4,Q2,April
2025-04-28,AAPL,0.18941496533382662,0.17346156046597083,18.94149653338266,17.346156046597084,2025,4,Q2,April
2025-04-28,GOOGL,0.1676279977282451,0.15497433858001974,16.76279977282451,15.497433858001974,2025,4,Q2,April
2025-04-28,MSFT,0.20244553194165094,0.18435742628928048,20.244553194165093,18.435742628928047,2025,4,Q2,April
2025-04-29,AAPL,0.19547134115136977,0.17854053535903022,19.547134115136977,17.854053535903024,2025,4,Q2,April
2025-04-29,GOOGL,0.1643565410846337,0.15216860918064373,16.43565410846337,15.216860918064373,2025,4,Q2,April
2025-04-29,MSFT,0.21129886253364782,0.19169322399423477,21.12988625336478,19.16932239942348,2025,4,Q2,April
2025-04-30,AAPL,0.20277279209981658,0.18462955140732976,20.277279209981657,18.462955140732976,2025,4,Q2,April
2025-04-30,GOOGL,0.15446935848257115,0.14364080851829114,15.446935848257116,14.364080851829113,2025,4,Q2,April
2025-04-30,MSFT,0.2150491840193618,0.19478455664756358,21.50491840193618,19.478455664756357,2025,4,Q2,April
2025-05-01,AAPL,0.20741414059384367,0.18848099891823514,20.74141405938437,18.848099891823512,2025,5,Q2,May
2025-05-01,GOOGL,0.17264417937173726,0.15926118125964198,17.264417937173725,15.926118125964198,2025,5,Q2,May
2025-05-01,MSFT,0.3077009902324803,0.2682706261621815,30.770099023248033,26.82706261621815,2025,5,Q2,May
2025-05-02,AAPL,0.16230304527836825,0.15040342070914656,16.230304527836825,15.040342070914656,2025,5,Q2,May
2025-05-02,GOOGL,0.19249124608270662,0.17604460294226756,19.249124608270662,17.604460294226758,2025,5,Q2,May
2025-05-02,MSFT,0.33807268231864085,0.2912302818440057,33.807268231864086,29.123028184400567,2025,5,Q2,May
2025-05-05,AAPL,0.12573873577559902,0.11843947417621872,12.573873577559901,11.843947417621873,2025,5,Q2,May
2025-05-05,GOOGL,0.19379987320590453,0.17714139054190609,19.379987320590452,17.714139054190607,2025,5,Q2,May
2025-05-05,MSFT,0.3408085586934042,0.29327283399902926,34.08085586934042,29.327283399902925,2025,5,Q2,May
2025-05-06,AAPL,0.12358788385452013,0.11652703286346534,12.358788385452012,11.652703286346535,2025,5,Q2,May
2025-05-06,GOOGL,0.18667512553515975,0.17115538443038927,18.667512553515976,17.11553844303893,2025,5,Q2,May
2025-05-06,MSFT,0.33201679520446614,0.28669418105106687,33.20167952044662,28.669418105106686,2025,5,Q2,May
2025-05-07,AAPL,0.11079601607126555,0.10507688990398158,11.079601607126556,10.507688990398158,2025,5,Q2,May
2025-05-07,GOOGL,0.10052628554106025,0.09578850678869442,10.052628554106025,9.578850678869442,2025,5,Q2,May
2025-05-07,MSFT,0.3321397411319811,0.2867864773751946,33.213974113198105,28.67864773751946,2025,5,Q2,May
2025-05-08,AAPL,0.11781461739502275,0.11137554470034389,11.781461739502275,11.137554470034388,2025,5,Q2,May
2025-05-08,GOOGL,0.1216091667039998,0.11476441014638813,12.16091667039998,11.476441014638814,2025,5,Q2,May
2025-05-08,MSFT,0.3469567023228659,0.29784775312754097,34.69567023228659,29.784775312754096,2025,5,Q2,May
2025-05-09,AAPL,0.12370112759773866,0.11662781539987903,12.370112759773866,11.662781539987902,2025,5,Q2,May
2025-05-09,GOOGL,0.11048605848558357,0.10479781000571732,11.048605848558356,10.479781000571732,2025,5,Q2,May
2025-05-09,MSFT,0.3486782277259797,0.2991250222547268,34.86782277259797,29.912502225472682,2025,5,Q2,May
2025-05-12,AAPL,0.19465854890264445,0.1778604114181195,19.465854890264445,17.78604114181195,2025,5,Q2,May
2025-05-12,GOOGL,0.1519975072498636,0.1414973984257537,15.19975072498636,14.149739842575372,2025,5,Q2,May
2025-05-12,MSFT,0.38104783820390997,0.32284251409070736,38.104783820391,32.284251409070734,2025,5,Q2,May
2025-05-13,AAPL,0.206787057694662,0.1879615037628779,20.678705769466198,18.79615037628779,2025,5,Q2,May
2025-05-13,GOOGL,0.1597763461534405,0.1482271814888544,15.97763461534405,14.82271814888544,2025,5,Q2,May
2025-05-13,MSFT,0.3806790945606664,0.3225754756365719,38.06790945606664,32.25754756365719,2025,5,Q2,May
2025-05-14,AAPL,0.2033865420200569,0.18513970044430197,20.338654202005692,18.5139700444302,2025,5,Q2,May
2025-05-14,GOOGL,0.20223291450669678,0.18418058980968963,20.223291450669677,18.41805898096896,2025,5,Q2,May
2025-05-14,MSFT,0.39236036976411093,0.3310004147317387,39.23603697641109,33.10004147317387,2025,5,Q2,May
2025-05-15,AAPL,0.19839914211804577,0.1809866179244565,19.839914211804576,18.09866179244565,2025,5,Q2,May
2025-05-15,GOOGL,0.19198233553479604,0.17561774935113467,19.198233553479604,17.561774935113466,2025,5,Q2,May
2025-05-15,MSFT,0.3955017041096298,0.3332539951397719,39.550170410962984,33.32539951397719,2025,5,Q2,May
2025-05-16,AAPL,0.19732228762404835,0.18008763647097709,19.732228762404837,18.00876364709771,2025,5,Q2,May
2025-05-16,GOOGL,0.20819432690354867,0.18912695321698275,20.819432690354866,18.912695321698276,2025,5,Q2,May
2025-05-16,MSFT,0.39901253521280333,0.33576665576672204,39.90125352128033,33.576665576672205,2025,5,Q2,May
2025-05-19,AAPL,0.18326681706382852,0.16827910230734333,18.326681706382853,16.827910230734332,2025,5,Q2,May
2025-05-19,GOOGL,0.21073876847871675,0.19123072575907613,21.073876847871674,19.123072575907614,2025,5,Q2,May
2025-05-19,MSFT,0.4131790879709152,0.34584183875036933,41.31790879709152,34.584183875036935,2025,5,Q2,May
2025-05-20,AAPL,0.17238520153620662,0.15904030740731936,17.238520153620662,15.904030740731937,2025,5,Q2,May
2025-05-20,GOOGL,0.19212773854848453,0.17573972611340713,19.212773854848454,17.573972611340714,2025,5,Q2,May
2025-05-20,MSFT,0.41102339211014494,0.34431525112457206,41.102339211014495,34.43152511245721,2025,5,Q2,May
2025-05-21,AAPL,0.14535102833197922,0.13571116498412708,14.535102833197922,13.571116498412708,2025,5,Q2,May
2025-05-21,GOOGL,0.22542413936812178,0.2032870202896376,22.542413936812178,20.32870202896376,2025,5,Q2,May
2025-05-21,MSFT,0.3937770721095726,0.3320173799727695,39.377707210957254,33.20173799727695,2025,5,Q2,May
2025-05-22,AAPL,0.14121373570417295,0.13209237647840355,14.121373570417294,13.209237647840355,2025,5,Q2,May
2025-05-22,GOOGL,0.24221774279162922,0.2168982844025383,24.221774279162922,21.68982844025383,2025,5,Q2,May
2025-05-22,MSFT,0.4008295178674486,0.3370645739172971,40.08295178674486,33.706457391729714,2025,5,Q2,May
2025-05-23,AAPL,0.10669854922471389,0.10138130338570267,10.669854922471389,10.138130338570267,2025,5,Q2,May
2025-05-23,GOOGL,0.22476982580652294,0.20275292904098324,22.476982580652294,20.275292904098325,2025,5,Q2,May
2025-05-23,MSFT,0.38641660255779997,0.3267224346489124,38.641660255779996,32.67224346489124,2025,5,Q2,May
2025-05-27,AAPL,0.13469616002414986,0.1263649146759594,13.469616002414986,12.63649146759594,2025,5,Q2,May
2025-05-27,GOOGL,0.25697570402349523,0.2287086008799395,25.697570402349523,22.87086008799395,2025,5,Q2,May
2025-05-27,MSFT,0.41878414197110114,0.3498002667834687,41.87841419711012,34.98002667834687,2025,5,Q2,May
2025-05-28,AAPL,0.13588625826136558,0.1274131905162134,13.588625826136557,12.741319051621339,2025,5,Q2,May
2025-05-28,GOOGL,0.25304993381828456,0.22558052653112554,25.304993381828456,22.558052653112554,2025,5,Q2,May
2025-05-28,MSFT,0.4085287947646472,0.3425457516926985,40.85287947646472,34.25457516926985,2025,5,Q2,May
2025-05-29,AAPL,0.1332225195399619,0.12506536129702917,13.32225195399619,12.506536129702916,2025,5,Q2,May
2025-05-29,GOOGL,0.2494149696404513,0.2226754174690188,24.94149696404513,22.26754174690188,2025,5,Q2,May
2025-05-29,MSFT,0.41259401221325365,0.34542773914273694,41.25940122132536,34.542773914273695,2025,5,Q2,May
2025-05-30,AAPL,0.1383233363407621,0.12955642218497626,13.83233363407621,12.955642218497626,2025,5,Q2,May
2025-05-30,GOOGL,0.24854266272270276,0.22197700133745182,24.854266272270277,22.197700133745183,2025,5,Q2,May
2025-05-30,MSFT,0.4177678140741239,0.34908367286506564,41.776781407412386,34.90836728650656,2025,5,Q2,May
2025-06-02,AAPL,0.14314069747237546,0.13377947213858155,14.314069747237546,13.377947213858155,2025,6,Q2,June
2025-06-02,GOOGL,0.2288409990254221,0.20607144794697146,22.88409990254221,20.607144794697145,2025,6,Q2,June
2025-06-02,MSFT,0.4227262252135897,0.3525749079159229,42.27262252135897,35.25749079159229,2025,6,Q2,June
2025-06-03,AAPL,0.15203872936018592,0.14153318094485587,15.203872936018591,14.153318094485586,2025,6,Q2,June
2025-06-03,GOOGL,0.2081216253967042,0.18906677771981978,20.81216253967042,18.90667777198198,2025,6,Q2,June
2025-06-03,MSFT,0.42580589831674853,0.35473719654004243,42.58058983167486,35.47371965400424,2025,6,Q2,June
2025-06-04,AAPL,0.1494884075375711,0.13931698038344315,14.948840753757109,13.931698038344315,2025,6,Q2,June
2025-06-04,GOOGL,0.2217163625190608,0.2002567245763491,22.17163625190608,20.02567245763491,2025,6,Q2,June
2025-06-04,MSFT,0.42857754762601075,0.35667922726776696,42.857754762601076,35.667922726776695,2025,6,Q2,June
2025-06-05,AAPL,0.13707652965415207,0.12846052090623591,13.707652965415207,12.84605209062359,2025,6,Q2,June
2025-06-05,GOOGL,0.2228796977929539,0.20120848538509528,22.28796977929539,20.120848538509527,2025,6,Q2,June
2025-06-05,MSFT,0.44031116428098516,0.36485917655086636,44.031116428098514,36.48591765508664,2025,6,Q2,June
2025-06-06,AAPL,0.15572261412619248,0.1447257882787793,15.572261412619248,14.47257882787793,2025,6,Q2,June
2025-06-06,GOOGL,0.26264619922858623,0.23320967683209404,26.26461992285862,23.320967683209403,2025,6,Q2,June
2025-06-06,MSFT,0.448626394626676,0.3706157933963842,44.862639462667595,37.06157933963842,2025,6,Q2,June
2025-06-09,AAPL,0.1417238520153672,0.1325392711481727,14.17238520153672,13.253927114817271,2025,6,Q2,June
2025-06-09,GOOGL,0.2817166715560473,0.2482003290467844,28.17166715560473,24.820032904678442,2025,6,Q2,June
2025-06-09,MSFT,0.45592529707538976,0.3756416415045322,45.59252970753897,37.56416415045322,2025,6,Q2,June
2025-06-10,AAPL,0.14863821368558106,0.13857707868879712,14.863821368558106,13.857707868879713,2025,6,Q2,June
2025-06-10,GOOGL,0.29998642682876864,0.2623538235120371,29.998642682876863,26.23538235120371,2025,6,Q2,June
2025-06-10,MSFT,0.4502894595236744,0.37176316376732044,45.02894595236744,37.176316376732046,2025,6,Q2,June
2025-06-11,AAPL,0.12659152696115017,0.11919672655648553,12.659152696115017,11.919672655648553,2025,6,Q2,June
2025-06-11,GOOGL,0.29088795552802194,0.255330319196521,29.088795552802193,25.5330319196521,2025,6,Q2,June
2025-06-11,MSFT,0.4555249226269049,0.3753666071259265,45.55249226269049,37.53666071259265,2025,6,Q2,June
2025-06-12,AAPL,0.12897189659115216,0.12130739255580175,12.897189659115217,12.130739255580176,2025,6,Q2,June
2025-06-12,GOOGL,0.2788779778576116,0.24598311371204626,27.88779778576116,24.598311371204627,2025,6,Q2,June
2025-06-12,MSFT,0.47477302073060046,0.3885040936999473,47.477302073060045,38.85040936999473,2025,6,Q2,June
2025-06-13,AAPL,0.11338616367513521,0.10740596959748341,11.33861636751352,10.740596959748341,2025,6,Q2,June
2025-06-13,GOOGL,0.27138082950196063,0.24010357714784963,27.138082950196065,24.010357714784963,2025,6,Q2,June
2025-06-13,MSFT,0.4627313802817292,0.3803054963498362,46.27313802817292,38.030549634983615,2025,6,Q2,June
2025-06-16,AAPL,0.1245512348719442,0.11738405373763008,12.45512348719442,11.738405373763008,2025,6,Q2,June
2025-06-16,GOOGL,0.2866662657337904,0.2520545832027188,28.66662657337904,25.20545832027188,2025,6,Q2,June
2025-06-16,MSFT,0.4756045531790998,0.38906777238153006,47.56045531790998,38.906777238153005,2025,6,Q2,June
2025-06-17,AAPL,0.10879546318552924,0.10327425780148602,10.879546318552924,10.327425780148602,2025,6,Q2,June
2025-06-17,GOOGL,0.28069762765200745,0.24740495106432644,28.069762765200746,24.740495106432643,2025,6,Q2,June
2025-06-17,MSFT,0.47221685628204413,0.3867693302998152,47.22168562820441,38.67693302998152,2025,6,Q2,June
2025-06-18,AAPL,0.11412294062833661,0.10806749504637748,11.412294062833661,10.806749504637748,2025,6,Q2,June
2025-06-18,GOOGL,0.26155456498208585,0.232344742211969,26.155456498208586,23.234474221196898,2025,6,Q2,June
2025-06-18,MSFT,0.47899215593685396,0.3913608800884016,47.8992155936854,39.13608800884016,2025,6,Q2,June
2025-06-20,AAPL,0.1391734436149672,0.1303029499703652,13.91734436149672,13.03029499703652,2025,6,Q2,June
2025-06-20,GOOGL,0.21293237525938857,0.19304087841556433,21.293237525938856,19.304087841556434,2025,6,Q2,June
2025-06-20,MSFT,0.47024586173045035,0.3854296396832996,47.02458617304504,38.54296396832996,2025,6,Q2,June
2025-06-23,AAPL,0.1420072211067689,0.13278743442465551,14.200722110676889,13.27874344246555,2025,6,Q2,June
2025-06-23,GOOGL,0.2023782063560018,0.1843014341726066,20.23782063560018,18.430143417260663,2025,6,Q2,June
2025-06-23,MSFT,0.4967312010404996,0.4032835308917682,49.673120104049964,40.32835308917682,2025,6,Q2,June
2025-06-24,AAPL,0.13520618975755894,0.12681429941891179,13.520618975755895,12.681429941891178,2025,6,Q2,June
2025-06-24,GOOGL,0.21387871765658373,0.1938207845631221,21.387871765658375,19.38207845631221,2025,6,Q2,June
2025-06-24,MSFT,0.5093887007985616,0.41170473495122667,50.93887007985616,41.170473495122664,2025,6,Q2,June
2025-06-25,AAPL,0.14234729864756512,0.1330851794028256,14.234729864756513,13.30851794028256,2025,6,Q2,June
2025-06-25,GOOGL,0.24233857847655238,0.21699555382966615,24.233857847655237,21.699555382966615,2025,6,Q2,June
2025-06-25,MSFT,0.5160408662472538,0.4161022434843332,51.604086624725376,41.61022434843332,2025,6,Q2,June
2025-06-26,AAPL,0.1391734436149672,0.1303029499703652,13.91734436149672,13.03029499703652,2025,6,Q2,June
2025-06-26,GOOGL,0.26315577676279767,0.23361317445064758,26.315577676279766,23.36131744506476,2025,6,Q2,June
2025-06-26,MSFT,0.5319937122477831,0.4265699670330736,53.19937122477831,42.65699670330736,2025,6,Q2,June
2025-06-27,AAPL,0.1396268514767669,0.1307008855584546,13.962685147676691,13.07008855584546,2025,6,Q2,June
2025-06-27,GOOGL,0.29947684929455654,0.2619617598538043,29.947684929455654,26.19617598538043,2025,6,Q2,June
2025-06-27,MSFT,0.5273434190415154,0.42352989881684927,52.734341904151535,42.35298988168493,2025,6,Q2,June
2025-06-30,AAPL,0.16280701456680435,0.15083692216357789,16.280701456680436,15.083692216357788,2025,6,Q2,June
2025-06-30,GOOGL,0.2827357154600867,0.24899507490585074,28.273571546008668,24.899507490585073,2025,6,Q2,June
2025-06-30,MSFT,0.5318705780416655,0.42648958866476644,53.18705780416655,42.64895886647665,2025,6,Q2,June
2025-07-01,AAPL,0.17782600930001813,0.16367037423578645,17.782600930001813,16.367037423578644,2025,7,Q3,July
2025-07-01,GOOGL,0.2798969105972675,0.24677953609223413,27.989691059726752,24.67795360922341,2025,7,Q3,July
2025-07-01,MSFT,0.515363345695703,0.4156552423485804,51.5363345695703,41.565524234858046,2025,7,Q3,July
2025-07-02,AAPL,0.20400998865225528,0.18565764307501667,20.400998865225528,18.565764307501667,2025,7,Q3,July
2025-07-02,GOOGL,0.3002774551849128,0.2625776687604925,30.02774551849128,26.25776687604925,2025,7,Q3,July
2025-07-02,MSFT,0.5124069009379628,0.41370235592952276,51.24069009379628,41.37023559295228,2025,7,Q3,July
2025-07-03,AAPL,0.2103009902680566,0.1908690809625767,21.030099026805658,19.08690809625767,2025,7,Q3,July
2025-07-03,GOOGL,0.3067555596365239,0.26754739315437753,30.67555596365239,26.754739315437753,2025,7,Q3,July
2025-07-03,MSFT,0.5362745086963969,0.42936033535678875,53.627450869639695,42.936033535678874,2025,7,Q3,July
2025-07-07,AAPL,0.18989780964264114,0.17386742918614947,18.989780964264114,17.386742918614946,2025,7,Q3,July
2025-07-07,GOOGL,0.2868117799118626,0.25216767076410157,28.681177991186257,25.216767076410157,2025,7,Q3,July
2025-07-07,MSFT,0.5328252446962825,0.42711259775977206,53.28252446962824,42.711259775977204,2025,7,Q3,July
2025-07-08,AAPL,0.19023788718343737,0.17415319234121993,19.023788718343738,17.41531923412199,2025,7,Q3,July
2025-07-08,GOOGL,0.26912441484458105,0.23832722556917846,26.912441484458107,23.832722556917847,2025,7,Q3,July
2025-07-08,MSFT,0.5294375477992268,0.4249000519995865,52.94375477992268,42.49000519995865,2025,7,Q3,July
2025-07-09,AAPL,0.19664221912024238,0.17951948391885297,19.66422191202424,17.951948391885296,2025,7,Q3,July
2025-07-09,GOOGL,0.28557440915852284,0.25120562948582714,28.557440915852283,25.120562948582716,2025,7,Q3,July
2025-07-09,MSFT,0.5506567345938174,0.4386785409337148,55.065673459381735,43.86785409337148,2025,7,Q3,July
2025-07-10,AAPL,0.20383994988185772,0.18551640605857375,20.383994988185773,18.551640605857376,2025,7,Q3,July
2025-07-10,GOOGL,0.29285311950049,0.25685149666310775,29.285311950049,25.685149666310775,2025,7,Q3,July
2025-07-10,MSFT,0.54440494359361,0.434638686382885,54.440494359361004,43.4638686382885,2025,7,Q3,July
2025-07-11,AAPL,0.19675554944124607,0.179614186372893,19.675554944124606,17.9614186372893,2025,7,Q3,July
2025-07-11,GOOGL,0.3115596396361948,0.2712169936608175,31.15596396361948,27.121699366081746,2025,7,Q3,July
2025-07-11,MSFT,0.5500715646968548,0.4383011006374828,55.007156469685484,43.83011006374828,2025,7,Q3,July
2025-07-14,AAPL,0.18236000134023023,0.16751244227376488,18.236000134023023,16.75124422737649,2025,7,Q3,July
2025-07-14,GOOGL,0.321531418334142,0.2787912295311181,32.1531418334142,27.87912295311181,2025,7,Q3,July
2025-07-14,MSFT,0.549147587454466,0.4377048360789584,54.914758745446605,43.77048360789584,2025,7,Q3,July
2025-07-15,AAPL,0.185137156960423,0.1698585121596395,18.513715696042297,16.98585121596395,2025,7,Q3,July
2025-07-15,GOOGL,0.3247341753887172,0.28121181696269215,32.473417538871715,28.121181696269215,2025,7,Q3,July
2025-07-15,MSFT,0.5577707474547524,0.44325579121387665,55.77707474547524,44.32557912138766,2025,7,Q3,July
2025-07-16,AAPL,0.19108808103542807,0.17486724316791155,19.108808103542806,17.486724316791154,2025,7,Q3,July
2025-07-16,GOOGL,0.3317945588813844,0.2865273251487094,33.17945588813844,28.652732514870937,2025,7,Q3,July
2025-07-16,MSFT,0.5571547940062604,0.44286030602598253,55.715479400626045,44.28603060259825,2025,7,Q3,July
2025-07-17,AAPL,0.19029459563283213,0.17420083584099552,19.02945956328321,17.42008358409955,2025,7,Q3,July
2025-07-17,GOOGL,0.33623457552491587,0.28985564018472637,33.62345755249159,28.985564018472637,2025,7,Q3,July
2025-07-17,MSFT,0.5758793834553535,0.4548134551663504,57.58793834553535,45.48134551663504,2025,7,Q3,July
2025-07-18,AAPL,0.19686887976224976,0.17970887985922757,19.686887976224977,17.970887985922758,2025,7,Q3,July
2025-07-18,GOOGL,0.34700707127760255,0.2978851470637441,34.70070712776025,29.788514706374407,2025,7,Q3,July
2025-07-18,MSFT,0.57079783810977,0.4515836674219231,57.079783810977005,45.15836674219231,2025,7,Q3,July
2025-07-21,AAPL,0.2042366492942631,0.18584588014268696,20.42366492942631,18.584588014268697,2025,7,Q3,July
2025-07-21,GOOGL,0.3836920960011174,0.3247553584568371,38.369209600111745,32.47553584568371,2025,7,Q3,July
2025-07-21,MSFT,0.5708286216612994,0.4516032646286086,57.08286216612994,45.16032646286086,2025,7,Q3,July
2025-07-22,AAPL,0.21511835139967062,0.19484148060800305,21.51183513996706,19.484148060800305,2025,7,Q3,July
2025-07-22,GOOGL,0.3927177546306362,0.3312570573482281,39.27177546306362,33.12570573482281,2025,7,Q3,July
2025-07-22,MSFT,0.5560768990062248,0.44216784549018234,55.60768990062248,44.216784549018236,2025,7,Q3,July
2025-07-23,AAPL,0.2137014193648772,0.1936747145823035,21.37014193648772,19.36747145823035,2025,7,Q3,July
2025-07-23,GOOGL,0.3846383272339293,0.3254389699663013,38.46383272339293,32.54389699663013,2025,7,Q3,July
2025-07-23,MSFT,0.5579247593517012,0.4433546531833711,55.79247593517012,44.33546531833711,2025,7,Q3,July
2025-07-24,AAPL,0.2114910885052732,0.19185190549441383,21.14910885052732,19.185190549441383,2025,7,Q3,July
2025-07-24,GOOGL,0.39875909421926337,0.33558548229883217,39.87590942192634,33.558548229883215,2025,7,Q3,July
2025-07-24,MSFT,0.5733540025583266,0.45320964806233754,57.33540025583266,45.320964806233754,2025,7,Q3,July
2025-07-25,AAPL,0.21217124358686545,0.1924131677547883,21.217124358686547,19.241316775478833,2025,7,Q3,July
2025-07-25,GOOGL,0.40611061723245845,0.3408274654235186,40.61106172324585,34.08274654235186,2025,7,Q3,July
2025-07-25,MSFT,0.5820697014918035,0.45873392747210995,58.20697014918035,45.87339274721099,2025,7,Q3,July
2025-07-28,AAPL,0.21313476775985918,0.1932077266427614,21.31347677598592,19.320772664276138,2025,7,Q3,July
2025-07-28,GOOGL,0.4017434132601547,0.3377167570701051,40.17434132601547,33.77167570701051,2025,7,Q3,July
2025-07-28,MSFT,0.5783431031100204,0.45637562788320585,57.834310311002035,45.63756278832059,2025,7,Q3,July
2025-07-29,AAPL,0.19737899607344422,0.18013499807702915,19.737899607344424,18.013499807702914,2025,7,Q3,July
2025-07-29,GOOGL,0.42481702620378003,0.35404340281227187,42.481702620378,35.404340281227185,2025,7,Q3,July
2025-07-29,MSFT,0.5785586821100275,0.45651220419441807,57.85586821100275,45.651220419441806,2025,7,Q3,July
2025-07-30,AAPL,0.1847970794196272,0.16957151892758304,18.47970794196272,16.957151892758304,2025,7,Q3,July
2025-07-30,GOOGL,0.4304945247650349,0.3580202060033487,43.04945247650349,35.80202060033487,2025,7,Q3,July
2025-07-30,MSFT,0.5806220273162095,0.4578184577388359,58.06220273162095,45.78184577388359,2025,7,Q3,July
2025-07-31,AAPL,0.17640916384301097,0.16246671740130353,17.640916384301097,16.246671740130353,2025,7,Q3,July
2025-07-31,GOOGL,0.3967938190824116,0.33417948103786277,39.67938190824116,33.41794810378628,2025,7,Q3,July
2025-07-31,MSFT,0.6430166148335641,0.49653395150160495,64.30166148335641,49.65339515016049,2025,7,Q3,July
2025-08-01,AAPL,0.14699470758656674,0.13714522400107268,14.699470758656673,13.714522400107269,2025,8,Q3,August
2025-08-01,GOOGL,0.3766317125084502,0.3196397275527919,37.66317125084502,31.96397275527919,2025,8,Q3,August
2025-08-01,MSFT,0.6140983394203774,0.4787764970005687,61.409833942037736,47.87764970005687,2025,8,Q3,August
2025-08-04,AAPL,0.15249222379977212,0.14192674862058388,15.249222379977212,14.192674862058388,2025,8,Q3,August
2025-08-04,GOOGL,0.4196491051767368,0.35040973204623505,41.96491051767368,35.040973204623505,2025,8,Q3,August
2025-08-04,MSFT,0.6496073073184989,0.5005372640225049,64.96073073184989,50.05372640225049,2025,8,Q3,August
2025-08-05,AAPL,0.1500550591425902,0.13980981874436005,15.005505914259022,13.980981874436004,2025,8,Q3,August
2025-08-05,GOOGL,0.41695603682075677,0.34851093469495975,41.69560368207568,34.85109346949598,2025,8,Q3,August
2025-08-05,MSFT,0.6253084474207493,0.48569761156672586,62.53084474207493,48.569761156672584,2025,8,Q3,August
2025-08-06,AAPL,0.20860068914186236,0.18946323514361868,20.860068914186236,18.94632351436187,2025,8,Q3,August
2025-08-06,GOOGL,0.42729176771045974,0.35577877990098894,42.72917677104597,35.57787799009889,2025,8,Q3,August
2025-08-06,MSFT,0.6166545980082352,0.4803589511038729,61.66545980082352,48.03589511038729,2025,8,Q3,August
2025-08-07,AAPL,0.24702650760712075,0.22076192357471075,24.702650760712075,22.076192357471076,2025,8,Q3,August
2025-08-07,GOOGL,0.430421712093807,0.35796930435841023,43.0421712093807,35.79693043584102,2025,8,Q3,August
2025-08-07,MSFT,0.6040278818017026,0.47251789196263694,60.40278818017026,47.251789196263694,2025,8,Q3,August
2025-08-08,AAPL,0.29984796075118036,0.26224730435959864,29.984796075118037,26.224730435959863,2025,8,Q3,August
2025-08-08,GOOGL,0.4660875817488985,0.3825973436642201,46.60875817488985,38.25973436642201,2025,8,Q3,August
2025-08-08,MSFT,0.6077234142140524,0.47481914987624335,60.772341421405244,47.481914987624336,2025,8,Q3,August
2025-08-11,AAPL,0.2890105864718646,0.25387493685727386,28.90105864718646,25.387493685727385,2025,8,Q3,August
2025-08-11,GOOGL,0.4630305612011627,0.3805100112259327,46.30305612011627,38.05100112259327,2025,8,Q3,August
2025-08-11,MSFT,0.6068919759048546,0.4743018635282133,60.689197590485456,47.43018635282133,2025,8,Q3,August
2025-08-12,AAPL,0.3030252788951917,0.2646886984880489,30.30252788951917,26.46886984880489,2025,8,Q3,August
2025-08-12,GOOGL,0.4800628345561604,0.39208454265599174,48.00628345561604,39.20845426559917,2025,8,Q3,August
2025-08-12,MSFT,0.6298971735239587,0.4885169291011765,62.98971735239587,48.85169291011765,2025,8,Q3,August
2025-08-13,AAPL,0.3239055031178033,0.28058608270017193,32.39055031178033,28.058608270017192,2025,8,Q3,August
2025-08-13,GOOGL,0.4700182431869855,0.3852748110449198,47.001824318698546,38.527481104491976,2025,8,Q3,August
2025-08-13,MSFT,0.603227132904733,0.47201855598222,60.322713290473295,47.201855598222,2025,8,Q3,August
2025-08-14,AAPL,0.32078480684540134,0.2782261105635248,32.07848068454013,27.822611056352482,2025,8,Q3,August
2025-08-14,GOOGL,0.47715132818649697,0.3901154547576051,47.7151328186497,39.011545475760514,2025,8,Q3,August
2025-08-14,MSFT,0.6090784553171542,0.47566162711805504,60.907845531715424,47.566162711805504,2025,8,Q3,August
2025-08-15,AAPL,0.31403277852269085,0.273100865354545,31.403277852269085,27.3100865354545,2025,8,Q3,August
2025-08-15,GOOGL,0.4841388990079363,0.39483473807943853,48.41388990079363,39.48347380794385,2025,8,Q3,August
2025-08-15,MSFT,0.6019643483169181,0.47123059391471167,60.19643483169182,47.123059391471166,2025,8,Q3,August
2025-08-18,AAPL,0.3100610226204452,0.27007371828115406,31.00610226204452,27.007371828115406,2025,8,Q3,August
2025-08-18,GOOGL,0.4812275038026561,0.3928711384797521,48.122750380265614,39.287113847975206,2025,8,Q3,August
2025-08-18,MSFT,0.5925095617288314,0.46531111267148223,59.25095617288314,46.531111267148226,2025,8,Q3,August
2025-08-19,AAPL,0.30818860485700394,0.2686434359558994,30.818860485700394,26.86434359558994,2025,8,Q3,August
2025-08-19,GOOGL,0.4671795494885498,0.38334188396091934,46.71795494885498,38.33418839609193,2025,8,Q3,August
2025-08-19,MSFT,0.5699355221097415,0.4510345497969642,56.99355221097415,45.10345497969642,2025,8,Q3,August
2025-08-20,AAPL,0.2823720616257286,0.2487115360697468,28.23720616257286,24.87115360697468,2025,8,Q3,August
2025-08-20,GOOGL,0.45080225668145224,0.37211668389924396,45.080225668145225,37.2116683899244,2025,8,Q3,August
2025-08-20,MSFT,0.5574628178001573,0.4430580983930027,55.74628178001573,44.30580983930027,2025,8,Q3,August
2025-08-21,AAPL,0.2760739606315299,0.2437881461201872,27.60739606315299,24.378814612018722,2025,8,Q3,August
2025-08-21,GOOGL,0.4539320899004158,0.3742716723124773,45.39320899004158,37.42716723124773,2025,8,Q3,August
2025-08-21,MSFT,0.5554576506821867,0.4417698114511415,55.545765068218664,44.176981145114155,2025,8,Q3,August
2025-08-22,AAPL,0.2923014946702356,0.2564247331452847,29.23014946702356,25.64247331452847,2025,8,Q3,August
2025-08-22,GOOGL,0.5000794269520494,0.40551805800765994,50.007942695204946,40.551805800766,2025,8,Q3,August
2025-08-22,MSFT,0.5646811370069469,0.44768205691157575,56.46811370069469,44.768205691157576,2025,8,Q3,August
2025-08-25,AAPL,0.28889716957307576,0.2537869454242243,28.889716957307577,25.37869454242243,2025,8,Q3,August
2025-08-25,GOOGL,0.5175484651700308,0.4170961809506062,51.75484651700308,41.70961809506062,2025,8,Q3,August
2025-08-25,MSFT,0.555519406063848,0.44180951305005606,55.5519406063848,44.18095130500561,2025,8,Q3,August
2025-08-26,AAPL,0.3010961526823561,0.26320710354986193,30.10961526823561,26.320710354986193,2025,8,Q3,August
2025-08-26,GOOGL,0.5077220894857724,0.4105999618102016,50.77220894857724,41.05999618102016,2025,8,Q3,August
2025-08-26,MSFT,0.5486712425898217,0.4373973004259506,54.86712425898217,43.739730042595056,2025,8,Q3,August
2025-08-27,AAPL,0.3077914725556721,0.2683398156739167,30.779147255567207,26.833981567391668,2025,8,Q3,August
2025-08-27,GOOGL,0.510196830992452,0.4122399939824254,51.019683099245206,41.22399939824254,2025,8,Q3,August
2025-08-27,MSFT,0.5631695422457614,0.4467155178827856,56.31695422457614,44.671551788278556,2025,8,Q3,August
2025-08-28,AAPL,0.31953652833644064,0.27728056004637297,31.953652833644064,27.728056004637295,2025,8,Q3,August
2025-08-28,GOOGL,0.5404765639355835,0.4320918256545934,54.047656393558356,43.20918256545934,2025,8,Q3,August
2025-08-28,MSFT,0.5721154117709493,0.4524221084692,57.21154117709493,45.24221084692,2025,8,Q3,August
2025-08-29,AAPL,0.31715347479509326,0.27547294960495294,31.715347479509326,27.547294960495293,2025,8,Q3,August
2025-08-29,GOOGL,0.5497205494144024,0.43807462397644775,54.97205494144024,43.80746239764478,2025,8,Q3,August
2025-08-29,MSFT,0.5630153420702106,0.44661686717504934,56.301534207021064,44.661686717504935,2025,8,Q3,August
2025-09-02,AAPL,0.3034224977743092,0.2649934956036851,30.34224977743092,26.49934956036851,2025,9,Q3,September
2025-09-02,GOOGL,0.5383657746206596,0.43072066765848954,53.83657746206596,43.07206676584895,2025,9,Q3,September
2025-09-02,MSFT,0.5581722515748535,0.4435135007563477,55.81722515748535,44.35135007563477,2025,9,Q3,September
2025-09-03,AAPL,0.35306966299684417,0.3023758356657423,35.30696629968442,30.237583566574227,2025,9,Q3,September
2025-09-03,GOOGL,0.6789185750904849,0.5181498808446753,67.89185750904849,51.81498808446753,2025,9,Q3,September
2025-09-03,MSFT,0.5588817794888508,0.4439687562117751,55.88817794888507,44.396875621177514,2025,9,Q3,September
2025-09-04,AAPL,0.36050253902342955,0.30785414548229323,36.05025390234295,30.785414548229323,2025,9,Q3,September
2025-09-04,GOOGL,0.6908557400896673,0.5252347558631499,69.08557400896673,52.523475586314994,2025,9,Q3,September
2025-09-04,MSFT,0.5669638267851889,0.44913987873295524,56.69638267851889,44.913987873295525,2025,9,Q3,September
2025-09-05,AAPL,0.35999190324552344,0.3074787462342969,35.999190324552345,30.747874623429688,2025,9,Q3,September
2025-09-05,GOOGL,0.7105083802938008,0.5367906247475784,71.05083802938009,53.67906247475784,2025,9,Q3,September
2025-09-05,MSFT,0.5269545295877911,0.4232752481819952,52.69545295877911,42.32752481819952,2025,9,Q3,September
2025-09-08,AAPL,0.3497220463490789,0.29989867965847633,34.97220463490789,29.989867965847633,2025,9,Q3,September
2025-09-08,GOOGL,0.7050443173489696,0.5335911029777196,70.50443173489695,53.35911029777196,2025,9,Q3,September
2025-09-08,MSFT,0.536825788444887,0.4297191129436552,53.6825788444887,42.97191129436552,2025,9,Q3,September
2025-09-09,AAPL,0.3296929683340961,0.2849480647068748,32.969296833409615,28.49480647068748,2025,9,Q3,September
2025-09-09,GOOGL,0.7457690557708379,0.5571951782054636,74.57690557708378,55.71951782054636,2025,9,Q3,September
2025-09-09,MSFT,0.537473560977223,0.4301405244383062,53.747356097722296,43.01405244383062,2025,9,Q3,September
2025-09-10,AAPL,0.28679774485648624,0.2521567638605911,28.679774485648622,25.215676386059112,2025,9,Q3,September
2025-09-10,GOOGL,0.7424177830998344,0.5552736792394235,74.24177830998345,55.52736792394235,2025,9,Q3,September
2025-09-10,MSFT,0.5435196576040611,0.43406530061209236,54.35196576040611,43.40653006120924,2025,9,Q3,September
2025-09-11,AAPL,0.30518141206117644,0.2663420441869301,30.518141206117644,26.63420441869301,2025,9,Q3,September
2025-09-11,GOOGL,0.751160083715674,0.560278473291356,75.1160083715674,56.027847329135604,2025,9,Q3,September
2025-09-11,MSFT,0.5454939470312008,0.4353435660706863,54.54939470312008,43.53435660706863,2025,9,Q3,September
2025-09-12,AAPL,0.3281042659731983,0.2837525615062476,32.81042659731983,28.37525615062476,2025,9,Q3,September
2025-09-12,GOOGL,0.7542928072086099,0.5620658168525997,75.42928072086099,56.20658168525997,2025,9,Q3,September
2025-09-12,MSFT,0.572917384478836,0.45293210170439,57.2917384478836,45.293210170439,2025,9,Q3,September
2025-09-15,AAPL,0.3430267264757636,0.29492581792071826,34.30267264757636,29.492581792071825,2025,9,Q3,September
2025-09-15,GOOGL,0.833046547751161,0.6059793628347351,83.3046547751161,60.59793628347351,2025,9,Q3,September
2025-09-15,MSFT,0.5897601292946788,0.46358314277249413,58.97601292946788,46.35831427724941,2025,9,Q3,September
2025-09-16,AAPL,0.3512539536827979,0.3010330159117135,35.12539536827979,30.10330159117135,2025,9,Q3,September
2025-09-16,GOOGL,0.829768198915769,0.6041892915712123,82.97681989157691,60.41892915712123,2025,9,Q3,September
2025-09-16,MSFT,0.5702645389678309,0.45124410132418796,57.02645389678309,45.124410132418795,2025,9,Q3,September
2025-09-17,AAPL,0.356020147343278,0.3045540473305942,35.6020147343278,30.45540473305942,2025,9,Q3,September
2025-09-17,GOOGL,0.8178931748069933,0.5976782342967396,81.78931748069932,59.76782342967396,2025,9,Q3,September
2025-09-17,MSFT,0.5732875402115993,0.45316740470806044,57.32875402115993,45.316740470806046,2025,9,Q3,September
